   38.6044922       26.4635315    
   38.6044922       26.4635315    
   38.6044922       26.4635315    
   38.6044922       26.4635315    
   38.6044884       27.5188885    
   38.6044884       27.5188885    
   38.6044884       27.5188885    
   38.6044884       27.5188885    
   38.6044884       27.5188885    
   38.6044884       27.5188885    
   38.6044846       27.0609112    
   38.6044846       27.0609112    
   38.6044846       27.0609112    
   38.6044846       27.0609112    
   38.6044846       27.0609112    
   38.6044846       27.0609112    
   38.6044807       27.0609112    
   38.6044807       27.0609112    
   38.6044807       27.0609112    
   38.6044807       27.0609112    
   38.6044807       27.0609112    
   38.6044807       27.0609112    
   38.6044769       26.5154419    
   38.6044769       26.5154419    
   38.6044769       26.5154419    
   38.6044769       26.5154419    
   38.6044769       26.5154419    
   38.6044769       26.5154419    
   38.6044731       26.7798347    
   38.6044731       26.7798347    
   38.6044731       26.7798347    
   38.6044731       26.7798347    
   38.6044731       26.7798347    
   38.6044731       26.7798347    
   38.6044693       26.5154419    
   38.6044693       26.5154419    
   38.6044693       26.5154419    
   38.6044693       26.5154419    
   38.6044693       26.5154419    
   38.6044655       26.5154419    
   38.6044655       26.5154419    
   38.6044655       26.5154419    
   38.6044655       26.5154419    
   38.6044655       26.5154419    
   38.6044617       25.5911064    
   38.6044617       25.5911064    
   38.6044617       25.5911064    
   38.6044617       25.5911064    
   38.6044617       25.5911064    
   38.6044579       26.0294399    
   38.6044579       26.0294399    
   38.6044579       26.0294399    
   38.6044579       26.0294399    
   38.6044579       26.0294399    
   38.6044540       26.0294399    
   38.6044540       26.0294399    
   38.6044540       26.0294399    
   38.6044540       26.0294399    
   38.6044540       26.0294399    
   38.6044502       25.5911064    
   38.6044502       25.5911064    
   38.6044502       25.5911064    
   38.6044502       25.5911064    
   38.6044464       25.5911064    
   38.6044464       25.5911064    
   38.6044464       25.5911064    
   38.6044464       25.5911064    
   38.6044426       25.7504997    
   38.6044426       25.7504997    
   38.6044426       25.7504997    
   38.6044426       25.7504997    
   38.6044426       25.7504997    
   38.6044388       25.5911064    
   38.6044388       25.5911064    
   38.6044388       25.5911064    
   38.6044388       25.5911064    
   38.6044350       24.1710091    
   38.6044350       24.1710091    
   38.6044350       24.1710091    
   38.6044350       24.1710091    
   38.6044312       25.1918507    
   38.6044312       25.1918507    
   38.6044312       25.1918507    
   38.6044312       25.1918507    
   38.6044273       25.2883873    
   38.6044273       25.2883873    
   38.6044273       25.2883873    
   38.6044273       25.2883873    
   38.6044235       24.8252277    
   38.6044235       24.8252277    
   38.6044235       24.8252277    
   38.6044235       24.8252277    
   38.6044197       25.1207924    
   38.6044197       25.1207924    
   38.6044197       25.1207924    
   38.6044159       24.8252277    
   38.6044159       24.8252277    
   38.6044159       24.8252277    
   38.6044159       24.8252277    
   38.6044121       24.8917294    
   38.6044121       24.8917294    
   38.6044121       24.8917294    
   38.6044083       24.1710091    
   38.6044083       24.1710091    
   38.6044083       24.1710091    
   38.6044083       24.1710091    
   38.6044044       24.6525497    
   38.6044044       24.6525497    
   38.6044044       24.6525497    
   38.6044006       24.4862537    
   38.6044006       24.4862537    
   38.6044006       24.4862537    
   38.6043968       24.4862537    
   38.6043968       24.4862537    
   38.6043968       24.4862537    
   38.6043968       24.4862537    
   38.6043930       24.1710072    
   38.6043930       24.1710072    
   38.6043930       24.1710072    
   38.6043892       24.3258762    
   38.6043892       24.3258762    
   38.6043892       24.3258762    
   38.6043854       24.1710072    
   38.6043854       24.1710072    
   38.6043854       24.1710072    
   38.6043816       24.1710072    
   38.6043816       24.1710072    
   38.6043816       24.1710072    
   38.6043777       22.2221565    
   38.6043777       22.2221565    
   38.6043777       22.2221565    
   38.6043739       23.9846134    
   38.6043739       23.9846134    
   38.6043739       23.9846134    
   38.6043701       23.8763676    
   38.6043701       23.8763676    
   38.6043663       23.5997677    
   38.6043663       23.5997677    
   38.6043663       23.5997677    
   38.6043625       23.7359486    
   38.6043625       23.7359486    
   38.6043625       23.7359486    
   38.6043587       23.5997677    
   38.6043587       23.5997677    
   38.6043587       23.5997677    
   38.6043549       23.5997677    
   38.6043549       23.5997677    
   38.6043510       23.0926476    
   38.6043510       23.0926476    
   38.6043510       23.0926476    
   38.6043472       23.3391132    
   38.6043472       23.3391132    
   38.6043434       23.4028816    
   38.6043434       23.4028816    
   38.6043434       23.4028816    
   38.6043396       23.3391132    
   38.6043396       23.3391132    
   38.6043358       23.0926476    
   38.6043358       23.0926476    
   38.6043358       23.0926476    
   38.6043320       23.0926476    
   38.6043320       23.0926476    
   38.6043282       23.0926476    
   38.6043282       23.0926476    
   38.6043243       22.2221565    
   38.6043243       22.2221565    
   38.6043243       22.2221565    
   38.6043205       22.9742641    
   38.6043205       22.9742641    
   38.6043167       22.8588943    
   38.6043167       22.8588943    
   38.6043129       22.8588943    
   38.6043129       22.8588943    
   38.6043091       22.6365871    
   38.6043091       22.6365871    
   38.6043091       22.6365871    
   38.6043053       22.7463818    
   38.6043053       22.7463818    
   38.6043015       22.6365871    
   38.6043015       22.6365871    
   38.6042976       22.2221565    
   38.6042976       22.2221565    
   38.6042938       22.5293903    
   38.6042938       22.5293903    
   38.6042900       22.4246502    
   38.6042900       22.4246502    
   38.6042862       22.4246502    
   38.6042862       22.4246502    
   38.6042824       22.4246502    
   38.6042824       22.4246502    
   38.6042786       22.2221565    
   38.6042786       22.2221565    
   38.6042747       22.2970448    
   38.6042747       22.2970448    
   38.6042709       22.2221546    
   38.6042709       22.2221546    
   38.6042671       19.8146114    
   38.6042671       19.8146114    
   38.6042633       22.0282803    
   38.6042595       22.1120872    
   38.6042595       22.1120872    
   38.6042557       21.8423157    
   38.6042557       21.8423157    
   38.6042519       21.9928284    
   38.6042519       21.9928284    
   38.6042480       21.8423157    
   38.6042480       21.8423157    
   38.6042442       21.8880997    
   38.6042404       21.4916897    
   38.6042404       21.4916897    
   38.6042366       21.7969894    
   38.6042366       21.7969894    
   38.6042328       21.6636391    
   38.6042328       21.6636391    
   38.6042290       21.4916897    
   38.6042252       21.6200390    
   38.6042252       21.6200390    
   38.6042213       21.5768471    
   38.6042213       21.5768471    
   38.6042175       21.4916897    
   38.6042137       21.4916897    
   38.6042137       21.4916897    
   38.6042099       20.8620529    
   38.6042061       21.4080791    
   38.6042061       21.4080791    
   38.6042023       21.3259735    
   38.6042023       21.3259735    
   38.6041985       21.1660576    
   38.6041946       21.2453117    
   38.6041946       21.2453117    
   38.6041908       21.2453117    
   38.6041870       21.1660576    
   38.6041870       21.1660576    
   38.6041832       20.8620529    
   38.6041794       21.0881424    
   38.6041794       21.0881424    
   38.6041756       21.0115376    
   38.6041718       21.0115376    
   38.6041679       20.8620529    
   38.6041679       20.8620529    
   38.6041641       20.9361916    
   38.6041603       20.8620529    
   38.6041603       20.8620529    
   38.6041565       20.8620529    
   38.6041527       19.8146095    
   38.6041489       20.7173004    
   38.6041489       20.7173004    
   38.6041451       20.7530613    
   38.6041412       20.5769711    
   38.6041412       20.5769711    
   38.6041374       20.6465988    
   38.6041336       20.5769711    
   38.6041298       20.5769711    
   38.6041260       20.3085613    
   38.6041260       20.3085613    
   38.6041222       20.5083847    
   38.6041183       20.4408073    
   38.6041145       20.4408073    
   38.6041145       20.4408073    
   38.6041107       20.3085613    
   38.6041069       20.3742027    
   38.6041031       20.3085613    
   38.6040993       20.3085594    
   38.6040993       20.3085594    
   38.6040955       19.8146095    
   38.6040916       20.2438335    
   38.6040878       20.1800137    
   38.6040840       20.1800117    
   38.6040802       20.0549603    
   38.6040802       20.0549603    
   38.6040764       20.0549603    
   38.6040726       20.0549603    
   38.6040688       19.8146095    
   38.6040649       19.9936867    
   38.6040611       19.9332161    
   38.6040573       19.8146095    
   38.6040535       19.9032764    
   38.6040535       19.9032764    
   38.6040497       19.8146095    
   38.6040459       19.8439713    
   38.6040421       17.0691662    
   38.6040382       19.7927036    
   38.6040344       19.6989746    
   38.6040306       19.7276096    
   38.6040268       19.5861683    
   38.6040230       19.6705093    
   38.6040192       19.5861683    
   38.6040154       19.5861683    
   38.6040115       19.3685112    
   38.6040077       19.5307865    
   38.6040039       19.4760551    
   38.6040001       19.3685112    
   38.6039963       19.4489326    
   38.6039925       19.4219723    
   38.6039886       19.3685112    
   38.6039848       19.3685112    
   38.6039810       18.9617348    
   38.6039772       19.3156605    
   38.6039734       19.2634106    
   38.6039696       19.2634106    
   38.6039658       19.1606503    
   38.6039619       19.1606503    
   38.6039581       19.1606503    
   38.6039543       19.1606503    
   38.6039505       18.9617348    
   38.6039467       19.1101131    
   38.6039429       19.0601177    
   38.6039391       18.9617348    
   38.6039352       19.0106621    
   38.6039314       18.9617348    
   38.6039276       18.9617348    
   38.6039200       18.2418518    
   38.6039162       18.9012833    
   38.6039124       18.7710094    
   38.6039085       18.8416138    
   38.6039047       18.7710094    
   38.6039009       18.7710094    
   38.6038971       18.5878372    
   38.6038895       18.6785183    
   38.6038857       18.6785183    
   38.6038818       18.5878372    
   38.6038780       18.6556816    
   38.6038742       18.5878372    
   38.6038666       18.2418518    
   38.6038628       18.5431499    
   38.6038589       18.4988918    
   38.6038551       18.5168209    
   38.6038513       18.4116192    
   38.6038437       18.4116192    
   38.6038399       18.4116192    
   38.6038361       18.2418518    
   38.6038322       18.3685913    
   38.6038246       18.3259621    
   38.6038208       18.2418518    
   38.6038170       18.2418518    
   38.6038094       17.0691624    
   38.6038055       18.2003593    
   38.6038017       18.2003593    
   38.6037941       18.0780678    
   38.6037903       18.0780678    
   38.6037865       18.0982227    
   38.6037788       17.9198551    
   38.6037750       18.0380077    
   38.6037712       17.9982872    
   38.6037636       17.9198551    
   38.6037598       17.9198551    
   38.6037521       17.6187134    
   38.6037483       17.9004555    
   38.6037445       17.8811321    
   38.6037369       17.7668476    
   38.6037331       17.8046360    
   38.6037254       17.7668476    
   38.6037216       17.6187134    
   38.6037140       17.6921940    
   38.6037102       17.6921940    
   38.6037025       17.6553059    
   38.6036987       17.6187134    
   38.6036911       17.0691605    
   38.6036873       17.5824051    
   38.6036797       17.5463696    
   38.6036758       17.4751396    
   38.6036682       17.4751396    
   38.6036644       17.3358574    
   38.6036568       17.4487038    
   38.6036530       17.4049740    
   38.6036453       17.3358555    
   38.6036415       17.3371220    
   38.6036339       17.3200092    
   38.6036263       17.2690487    
   38.6036224       17.2690487    
   38.6036148       17.2353802    
   38.6036072       17.1358109    
   38.6036034       17.1853313    
   38.6035957       17.1358109    
   38.6035881       16.8802185    
   38.6035843       17.1030865    
   38.6035767       17.0062695    
   38.6035690       17.0062695    
   38.6035652       17.0222645    
   38.6035576       16.9903240    
   38.6035500       16.9428196    
   38.6035423       16.9270897    
   38.6035385       16.8802185    
   38.6035309       16.4074574    
   38.6035233       16.8184490    
   38.6035156       16.7574787    
   38.6035080       16.7574787    
   38.6035042       16.7574787    
   38.6034966       16.7272911    
   38.6034889       16.6972980    
   38.6034813       16.6674957    
   38.6034737       16.6452637    
   38.6034660       16.6157856    
   38.6034584       16.5212479    
   38.6034508       16.5212479    
   38.6034470       16.5212479    
   38.6034393       16.4074574    
   38.6034317       16.4640083    
   38.6034241       16.4356422    
   38.6034164       16.4074574    
   38.6034088       16.3794346    
   38.6034012       16.3515797    
   38.6033936       16.2963562    
   38.6033859       16.2963562    
   38.6033783       16.2689934    
   38.6033707       16.2417831    
   38.6033630       16.1878300    
   38.6033516       15.9780226    
   38.6033440       16.1344967    
   38.6033363       16.0817566    
   38.6033287       16.0817547    
   38.6033211       15.9780226    
   38.6033134       16.0490952    
   38.6033058       15.9780226    
   38.6032982       15.9780226    
   38.6032867       15.9270067    
   38.6032791       15.8765316    
   38.6032715       15.8765316    
   38.6032639       15.7771845    
   38.6032524       15.8265953    
   38.6032448       15.8018217    
   38.6032372       15.7894878    
   38.6032295       15.7526722    
   38.6032181       15.6798935    
   38.6032104       15.6798935    
   38.6032028       15.5845680    
   38.6031914       15.6319895    
   38.6031837       15.6082211    
   38.6031761       15.5845680    
   38.6031647       15.5376244    
   38.6031570       15.4911423    
   38.6031456       15.4911413    
   38.6031380       15.4738274    
   38.6031265       15.3995275    
   38.6031189       15.3995275    
   38.6031113       15.2214746    
   38.6030998       15.3096600    
   38.6030922       15.3319616    
   38.6030807       15.2214746    
   38.6030693       15.2653599    
   38.6030617       15.2433643    
   38.6030502       15.1996813    
   38.6030426       15.1779909    
   38.6030312       15.1563969    
   38.6030197       15.0498953    
   38.6030121       15.0922079    
   38.6030006       15.0498953    
   38.6029892       14.8843384    
   38.6029816       15.0079594    
   38.6029701       14.9871292    
   38.6029587       14.8843374    
   38.6029472       14.9251862    
   38.6029396       14.8843374    
   38.6029282       14.8640404    
   38.6029167       14.8438377    
   38.6029053       14.8036814    
   38.6028938       14.7638617    
   38.6028824       14.7440815    
   38.6028748       14.7243805    
   38.6028633       14.6852236    
   38.6028519       14.6463861    
   38.6028404       14.6463861    
   38.6028290       14.6078691    
   38.6028175       14.5887251    
   38.6028061       14.2746038    
   38.6027946       14.5329342    
   38.6027832       14.4941530    
   38.6027718       14.4568453    
   38.6027603       14.4198322    
   38.6027489       14.2746019    
   38.6027336       14.3831081    
   38.6027222       14.3466606    
   38.6027107       14.3104944    
   38.6026993       14.2746019    
   38.6026878       12.4063320    
   38.6026726       14.2036209    
   38.6026611       14.2036209    
   38.6026497       14.1685266    
   38.6026382       14.1336889    
   38.6026230       13.9968414    
   38.6026115       14.0991049    
   38.6026001       14.0647717    
   38.6025848       14.0306854    
   38.6025734       14.0137310    
   38.6025581       13.9632397    
   38.6025467       13.9298725    
   38.6025352       13.8638268    
   38.6025200       13.8638268    
   38.6025085       13.8638258    
   38.6024933       13.8311472    
   38.6024780       13.7986898    
   38.6024666       13.7825480    
   38.6024513       13.7584295    
   38.6024399       13.2494497    
   38.6024246       13.6710405    
   38.6024094       13.6084795    
   38.6023979       13.6396551    
   38.6023827       13.6084785    
   38.6023674       13.5775013    
   38.6023521       13.5467262    
   38.6023407       13.5161486    
   38.6023254       13.4857645    
   38.6023102       13.4555769    
   38.6022949       13.4255762    
   38.6022797       13.3957672    
   38.6022644       13.3661375    
   38.6022491       13.3366957    
   38.6022339       13.3074341    
   38.6022186       13.2928715    
   38.6022034       13.2638750    
   38.6021881       13.2350550    
   38.6021729       13.1921520    
   38.6021576       13.1779346    
   38.6021423       13.1496296    
   38.6021271       13.1214895    
   38.6021118       13.0935154    
   38.6020927       13.0657053    
   38.6020775       13.0242910    
   38.6020622       13.0105677    
   38.6020470       12.9832344    
   38.6020279       12.9492893    
   38.6020126       12.9155807    
   38.6019974       12.8887825    
   38.6019783       12.8621378    
   38.6019630       12.8422527    
   38.6019440       12.8092890    
   38.6019287       12.7830849    
   38.6019096       12.7505226    
   38.6018944       12.7246370    
   38.6018753       12.6924734    
   38.6018600       12.6668987    
   38.6018410       12.6287889    
   38.6018219       12.6035528    
   38.6018066       12.5784464    
   38.6017876       12.5534735    
   38.6017685       12.5039139    
   38.6017494       12.4916019    
   38.6017303       12.4548607    
   38.6017151       12.4305229    
   38.6016960       12.4123478    
   38.6016769       12.3582420    
   38.6016579       12.3552513    
   38.6016388       12.3106518    
   38.6016197       12.2995653    
   38.6016006       12.2635317    
   38.6015816       12.2401466    
   38.6015625       12.0346518    
   38.6015396       12.1706619    
   38.6015205       12.1477222    
   38.6015015       12.0346498    
   38.6014824       12.0795565    
   38.6014633       12.0570498    
   38.6014404       12.0346479    
   38.6014214       12.0095692    
   38.6014023       11.9790945    
   38.6013794       11.9515572    
   38.6013603       11.9241781    
   38.6013374       11.8915291    
   38.6013184       11.8590994    
   38.6012955       11.8375988    
   38.6012726       11.8055315    
   38.6012535       11.7736759    
   38.6012306       11.7525558    
   38.6012077       11.7210484    
   38.6011887       11.6897497    
   38.6011658       11.6483288    
   38.6011429       11.6277504    
   38.6011200       11.6072626    
   38.6010971       11.5766964    
   38.6010742       11.5463171    
   38.6010513       11.3679905    
   38.6010284       11.4861336    
   38.6010056       11.4464273    
   38.6009827       11.4365530    
   38.6009598       11.4070463    
   38.6009369       11.3777189    
   38.6009140       11.3485718    
   38.6008911       11.2908030    
   38.6008644       11.2908010    
   38.6008415       11.2621756    
   38.6008186       11.2337179    
   38.6007919       11.2054262    
   38.6007690       11.1773024    
   38.6007423       11.1400576    
   38.6007195       11.1215286    
   38.6006927       11.0938997    
   38.6006660       10.0198374    
   38.6006432       11.0390930    
   38.6006165       10.9938936    
   38.6005898       10.9826612    
   38.6005669       10.9224443    
   38.6005402       10.9224443    
   38.6005135       10.8992281    
   38.6004868       10.8520403    
   38.6004601       10.8345995    
   38.6004333       10.8085556    
   38.6004066       10.7848034    
   38.6003799       10.7483292    
   38.6003532       10.7269993    
   38.6003227       10.6951838    
   38.6002960       10.6635752    
   38.6002693       10.6426163    
   38.6002388       10.5802917    
   38.6002121       10.5802898    
   38.6001854       10.5555811    
   38.6001549       10.5269146    
   38.6001282       10.4822121    
   38.6000977       10.4660549    
   38.6000671       10.4339075    
   38.6000404       10.3860912    
   38.6000099       10.2608519    
   38.5999794       10.3544693    
   38.5999489       10.3269644    
   38.5999184       10.2976828    
   38.5998878       10.2685709    
   38.5998573       10.2377119    
   38.5998268       10.1994133    
   38.5997963       10.1841774    
   38.5997658       10.1538486    
   38.5997353       10.1274719    
   38.5997047       10.1012363    
   38.5996704       10.0640001    
   38.5996399       10.0417986    
   38.5996094       10.0123549    
   38.5995750       9.98308659    
   38.5995445       9.95943737    
   38.5995102       9.90351200    
   38.5994759       9.89991951    
   38.5994453       9.84644890    
   38.5994110       9.79005909    
   38.5993767       9.81464195    
   38.5993423       9.57089710    
   38.5993080       9.75513649    
   38.5992737       9.72738743    
   38.5992393       9.69979191    
   38.5992050       9.66552830    
   38.5991707       9.64508152    
   38.5991364       9.61119270    
   38.5990982       9.58426285    
   38.5990639       9.55747700    
   38.5990295       9.53083801    
   38.5989914       9.50104904    
   38.5989571       9.47636127    
   38.5989189       9.44690323    
   38.5988846       9.41924286    
   38.5988464       9.38691044    
   38.5988083       9.36119175    
   38.5987701       9.31018448    
   38.5987320       9.29751015    
   38.5986938       9.27226639    
   38.5986557       9.23458290    
   38.5986176       9.21594524    
   38.5985794       9.18495274    
   38.5985413       9.16029453    
   38.5985031       9.13575935    
   38.5984612       9.10526562    
   38.5984230       9.07799053    
   38.5983810       9.03886414    
   38.5983429       9.02090549    
   38.5983009       8.99410439    
   38.5982590       8.96154404    
   38.5982208       8.93213749    
   38.5981789       8.89708710    
   38.5981369       8.87965012    
   38.5980949       8.85073853    
   38.5980530       8.78204346    
   38.5980110       8.79343033    
   38.5979652       8.76492405    
   38.5979233       8.73678684    
   38.5978813       8.70873547    
   38.5978355       8.68220615    
   38.5977936       8.65308952    
   38.5977478       8.60355568    
   38.5977058       8.59259224    
   38.5976601       8.56962776    
   38.5976143       8.54100227    
   38.5975685       8.50601101    
   38.5975227       8.47393417    
   38.5974770       8.45265579    
   38.5974312       8.42620659    
   38.5973854       8.38942432    
   38.5973396       8.37113190    
   38.5972939       8.34252357    
   38.5972443       8.30638599    
   38.5971985       8.28584576    
   38.5971489       8.25521278    
   38.5970993       8.22468662    
   38.5970535       8.18447304    
   38.5970039       8.17446136    
   38.5969543       8.14453030    
   38.5969048       8.11479187    
   38.5968552       8.08522892    
   38.5968056       8.06074429    
   38.5967522       8.03152084    
   38.5967026       7.98801708    
   38.5966530       7.96882772    
   38.5965996       7.94968605    
   38.5965462       7.91167736    
   38.5964966       7.89276123    
   38.5964432       7.86453199    
   38.5963898       7.83652067    
   38.5963364       7.79940701    
   38.5962830       7.78093719    
   38.5962296       7.74425888    
   38.5961761       7.65383482    
   38.5961189       7.69651556    
   38.5960655       7.66722012    
   38.5960121       7.64255667    
   38.5959549       7.60909176    
   38.5958977       7.58562565    
   38.5958405       7.54743099    
   38.5957870       7.51253796    
   38.5957298       7.50164509    
   38.5956688       7.46921492    
   38.5956116       7.44345379    
   38.5955544       7.41781378    
   38.5954971       7.37544298    
   38.5954361       7.35855722    
   38.5953789       7.33338213    
   38.5953178       7.30624676    
   38.5952568       7.27879095    
   38.5951958       7.25070333    
   38.5951347       7.22178173    
   38.5950737       7.19329023    
   38.5950127       7.16773558    
   38.5949516       7.13681793    
   38.5948868       7.10883713    
   38.5948257       7.08104420    
   38.5947609       7.05536175    
   38.5946960       7.02592373    
   38.5946312       6.99861288    
   38.5945663       6.95608377    
   38.5945015       6.94060135    
   38.5944366       6.91005421    
   38.5943718       6.88910294    
   38.5943069       6.86071873    
   38.5942383       6.80459023    
   38.5941696       6.80448484    
   38.5941048       6.77740049    
   38.5940361       6.75074339    
   38.5939674       6.72324514    
   38.5938988       6.69588137    
   38.5938301       6.66959143    
   38.5937576       6.63628674    
   38.5936890       6.61208344    
   38.5936165       6.58387470    
   38.5935478       6.55973244    
   38.5934753       6.52800608    
   38.5934029       6.50439835    
   38.5933304       6.47623920    
   38.5932579       6.44881725    
   38.5931816       6.41832685    
   38.5931091       6.39136028    
   38.5930328       6.36452484    
   38.5929604       6.33786917    
   38.5928841       6.31136084    
   38.5928078       6.25901270    
   38.5927315       6.25720549    
   38.5926552       6.22955418    
   38.5925751       6.20214176    
   38.5924988       6.17487240    
   38.5924187       6.14833736    
   38.5923424       6.12079334    
   38.5922623       6.09251976    
   38.5921822       6.06747007    
   38.5921021       6.03950977    
   38.5920181       6.01170492    
   38.5919380       5.98635578    
   38.5918541       5.95670414    
   38.5917740       5.90861082    
   38.5916901       5.90240908    
   38.5916061       5.87257099    
   38.5915222       5.84880161    
   38.5914345       5.82367849    
   38.5913506       5.79586935    
   38.5912666       5.77104712    
   38.5911789       5.74363470    
   38.5910912       5.71491766    
   38.5910034       5.68923283    
   38.5909157       5.65252161    
   38.5908279       5.63552094    
   38.5907364       5.60756826    
   38.5906487       5.54178715    
   38.5905571       5.55225086    
   38.5904655       5.53021908    
   38.5903740       5.50304890    
   38.5902824       5.47604561    
   38.5901871       5.44920540    
   38.5900955       5.42252588    
   38.5900002       5.39865351    
   38.5899048       5.36974955    
   38.5898094       5.34361982    
   38.5897141       5.31764221    
   38.5896187       5.29191828    
   38.5895195       5.26755905    
   38.5894241       5.24086905    
   38.5893250       5.20572853    
   38.5892258       5.18797016    
   38.5891266       5.16315794    
   38.5890236       5.13598728    
   38.5889244       5.11141300    
   38.5888214       5.04920053    
   38.5887184       5.05922985    
   38.5886154       5.02930641    
   38.5885124       5.00776291    
   38.5884094       4.98174429    
   38.5883026       4.95584631    
   38.5881958       4.93023586    
   38.5880890       4.90474653    
   38.5879822       4.87940741    
   38.5878754       4.85431385    
   38.5877647       4.82489204    
   38.5876579       4.80408287    
   38.5875473       4.77785110    
   38.5874367       4.68583536    
   38.5873260       4.72819138    
   38.5872116       4.70100451    
   38.5871010       4.67790985    
   38.5869865       4.64934254    
   38.5868721       4.62307978    
   38.5867577       4.60251141    
   38.5866394       4.57699060    
   38.5865250       4.55317163    
   38.5864067       4.52880669    
   38.5862885       4.50384474    
   38.5861702       4.47942877    
   38.5860481       4.45033169    
   38.5859299       4.42628908    
   38.5858078       4.40243006    
   38.5856857       4.38064146    
   38.5855637       4.35522413    
   38.5854416       4.33196211    
   38.5853157       4.29419041    
   38.5851898       4.28396130    
   38.5850639       4.25939417    
   38.5849380       4.23321915    
   38.5848083       4.21070814    
   38.5846825       4.18933630    
   38.5845528       4.16467619    
   38.5844231       4.14111376    
   38.5842896       4.11582899    
   38.5841599       4.08747768    
   38.5840263       4.07042933    
   38.5838928       4.04664993    
   38.5837555       4.02319002    
   38.5836220       3.99938965    
   38.5834846       3.97677445    
   38.5833473       3.95379663    
   38.5832100       3.93023276    
   38.5830727       3.90803790    
   38.5829315       3.88220310    
   38.5827904       3.86192322    
   38.5826492       3.83664894    
   38.5825081       3.79346466    
   38.5823631       3.79379296    
   38.5822182       3.76884222    
   38.5820732       3.74900317    
   38.5819283       3.72572947    
   38.5817795       3.70413065    
   38.5816307       3.67961383    
   38.5814819       3.65999484    
   38.5813332       3.63818574    
   38.5811806       3.61486220    
   38.5810280       3.59316254    
   38.5808754       3.57479739    
   38.5807228       3.56150055    
   38.5805664       3.54840803    
   38.5804100       3.53522897    
   38.5802536       3.51998615    
   38.5800934       3.50900316    
   38.5799370       3.49678683    
   38.5797768       3.48417401    
   38.5796127       3.47078705    
   38.5794525       3.45763135    
   38.5792885       3.44402838    
   38.5791245       3.43195343    
   38.5789604       3.41922927    
   38.5787926       3.40127254    
   38.5786247       3.38848233    
   38.5784569       3.37568974    
   38.5782852       3.36741233    
   38.5781136       3.35440350    
   38.5779419       3.34132886    
   38.5777702       3.32928419    
   38.5775948       3.31626892    
   38.5774193       3.30285263    
   38.5772438       3.29013872    
   38.5770645       3.27526212    
   38.5768852       3.26477695    
   38.5767059       3.25071454    
   38.5765266       3.23921704    
   38.5763435       3.20761919    
   38.5761604       3.21320152    
   38.5759735       3.20001507    
   38.5757904       3.18569851    
   38.5756035       3.17532492    
   38.5754128       3.16258073    
   38.5752220       3.14978528    
   38.5750313       3.13645744    
   38.5748405       3.12426901    
   38.5746460       3.11118579    
   38.5744514       3.09031677    
   38.5742569       3.08533692    
   38.5740585       3.07300925    
   38.5738602       3.06018472    
   38.5736618       3.04776311    
   38.5734596       3.03313518    
   38.5732574       3.02250075    
   38.5730553       3.00938916    
   38.5728493       2.99548268    
   38.5726433       2.98427987    
   38.5724373       2.97097850    
   38.5722275       2.95914745    
   38.5720177       2.94693995    
   38.5718040       2.93413806    
   38.5715904       2.92137122    
   38.5713768       2.90884471    
   38.5711632       2.89636946    
   38.5709457       2.88296080    
   38.5707245       2.87024713    
   38.5705070       2.85770130    
   38.5702858       2.84513140    
   38.5700607       2.83263111    
   38.5698357       2.82049870    
   38.5696106       2.80777550    
   38.5693817       2.79538798    
   38.5691528       2.78138971    
   38.5689240       2.77049923    
   38.5686913       2.75780082    
   38.5684586       2.73469448    
   38.5682259       2.73271036    
   38.5679893       2.72044635    
   38.5677490       2.70700073    
   38.5675087       2.69463611    
   38.5672684       2.68232489    
   38.5670280       2.67041039    
   38.5667839       2.65789437    
   38.5665359       2.64445853    
   38.5662880       2.63279653    
   38.5660400       2.62021494    
   38.5657921       2.60795784    
   38.5655365       2.59523296    
   38.5652847       2.58274603    
   38.5650291       2.57013869    
   38.5647697       2.55803537    
   38.5645142       2.54537630    
   38.5642509       2.53300834    
   38.5639915       2.52008820    
   38.5637245       2.50825953    
   38.5634613       2.49564695    
   38.5631943       2.48338842    
   38.5629234       2.47097945    
   38.5626526       2.45819926    
   38.5623817       2.44601917    
   38.5621071       2.43378687    
   38.5618286       2.42083693    
   38.5615540       2.40894127    
   38.5612717       2.39641976    
   38.5609894       2.38379645    
   38.5607071       2.37164474    
   38.5604210       2.35869503    
   38.5601349       2.34690022    
   38.5598450       2.33438611    
   38.5595551       2.32216740    
   38.5592613       2.30975056    
   38.5589676       2.29722214    
   38.5586700       2.28487468    
   38.5583725       2.27271700    
   38.5580711       2.26025414    
   38.5577698       2.24771857    
   38.5574646       2.23542070    
   38.5571594       2.22310352    
   38.5568504       2.21066332    
   38.5565414       2.19870400    
   38.5562286       2.18637013    
   38.5559158       2.17305684    
   38.5555992       2.16155720    
   38.5552788       2.14949775    
   38.5549583       2.13706708    
   38.5546379       2.12478328    
   38.5543137       2.11239266    
   38.5539856       2.09987354    
   38.5536575       2.08737230    
   38.5533257       2.07565999    
   38.5529938       2.06343317    
   38.5526581       2.05094767    
   38.5523186       2.03875089    
   38.5519791       2.02641869    
   38.5516357       2.01400566    
   38.5512924       2.00163817    
   38.5509453       1.98943281    
   38.5505981       1.97092378    
   38.5502472       1.96487725    
   38.5498924       1.95242906    
   38.5495377       1.94054401    
   38.5491791       1.92838621    
   38.5488205       1.91634858    
   38.5484581       1.90392280    
   38.5480919       1.89183998    
   38.5477257       1.87956667    
   38.5473557       1.86732948    
   38.5469856       1.85505021    
   38.5466080       1.84303033    
   38.5462341       1.82986486    
   38.5458527       1.81816781    
   38.5454712       1.80599380    
   38.5450859       1.79415727    
   38.5447006       1.78210270    
   38.5443115       1.76974797    
   38.5439186       1.75760376    
   38.5435257       1.74549961    
   38.5431290       1.73285699    
   38.5427284       1.72121966    
   38.5423279       1.70905733    
   38.5419197       1.69667435    
   38.5415154       1.68458188    
   38.5411034       1.67242348    
   38.5406914       1.66028833    
   38.5402756       1.64805949    
   38.5398560       1.63590527    
   38.5394363       1.62353444    
   38.5390129       1.61144197    
   38.5385857       1.59958899    
   38.5381584       1.58745778    
   38.5377274       1.57538164    
   38.5372925       1.56314778    
   38.5368538       1.55106211    
   38.5364151       1.53851748    
   38.5359726       1.52599597    
   38.5355263       1.51472187    
   38.5350761       1.50033057    
   38.5346222       1.49032521    
   38.5341682       1.47808456    
   38.5337105       1.46541536    
   38.5332489       1.45410991    
   38.5327873       1.44170904    
   38.5323219       1.42984772    
   38.5318489       1.41788638    
   38.5313759       1.40574336    
   38.5309029       1.39369905    
   38.5304222       1.34700751    
   38.5299416       1.36932504    
   38.5294533       1.35731745    
   38.5289650       1.34524703    
   38.5284767       1.33306384    
   38.5279808       1.32110429    
   38.5274811       1.30876148    
   38.5269814       1.29678154    
   38.5264778       1.28457832    
   38.5259705       1.27247965    
   38.5254593       1.26045763    
   38.5249443       1.24857080    
   38.5244255       1.23641670    
   38.5239029       1.22439027    
   38.5233803       1.21230853    
   38.5228500       1.20009935    
   38.5223198       1.18818986    
   38.5217857       1.17364776    
   38.5212479       1.16402853    
   38.5207062       1.15201175    
   38.5201607       1.13988817    
   38.5196114       1.12793732    
   38.5190582       1.11575222    
   38.5185013       1.10375440    
   38.5179443       1.08734441    
   38.5173798       1.07935798    
   38.5168152       1.06773102    
   38.5162430       1.05536866    
   38.5156670       1.04353881    
   38.5150909       1.03147233    
   38.5145073       1.01961684    
   38.5139236       1.00662041    
   38.5133324      0.995585382    
   38.5127411      0.983588696    
   38.5121422      0.971336901    
   38.5115433      0.957661211    
   38.5109367      0.947590470    
   38.5103302      0.935347974    
   38.5097160      0.923542976    
   38.5090981      0.911556780    
   38.5084801      0.899426043    
   38.5078545      0.887533665    
   38.5072250      0.875509799    
   38.5065918      0.863153934    
   38.5059547      0.851554215    
   38.5053139      0.839530408    
   38.5046692      0.827347815    
   38.5040169      0.815634012    
   38.5033646      0.803544760    
   38.5027084      0.791569769    
   38.5020447      0.779806554    
   38.5013771      0.767792821    
   38.5007057      0.755707324    
   38.5000305      0.743791699    
   38.4993515      0.731917381    
   38.4986687      0.719570816    
   38.4979782      0.707985759    
   38.4972878      0.696088016    
   38.4965897      0.684123456    
   38.4958878      0.672185719    
   38.4951782      0.660077453    
   38.4944687      0.648239791    
   38.4937515      0.636248589    
   38.4930305      0.624381900    
   38.4923058      0.612457275    
   38.4915771      0.600585401    
   38.4908409      0.588603735    
   38.4901009      0.576680541    
   38.4893570      0.564674973    
   38.4886093      0.552848995    
   38.4878540      0.540708482    
   38.4870949      0.528902829    
   38.4863319      0.517050445    
   38.4855652      0.505029738    
   38.4847908      0.493263155    
   38.4840126      0.481259733    
   38.4832268      0.469428152    
   38.4824371      0.457516402    
   38.4816437      0.445541054    
   38.4808464      0.433531463    
   38.4800415      0.421799809    
   38.4792328      0.409888238    
   38.4784164      0.397657245    
   38.4775963      0.386018336    
   38.4767685      0.374186128    
   38.4759407      0.362422228    
   38.4751015      0.350453913    
   38.4742622      0.338469267    
   38.4734154      0.326847851    
   38.4725609      0.314868689    
   38.4717026      0.302893758    
   38.4708405      0.291119069    
   38.4699707      0.279243857    
   38.4690933      0.267082751    
   38.4682121      0.255535394    
   38.4673271      0.230801627    
   38.4664345      0.231875211    
   38.4655380      0.218018174    
   38.4646339      0.208170235    
   38.4637222      0.196310744    
   38.4628067      0.183403328    
   38.4618835      0.172524229    
   38.4609566      0.160857230    
   38.4600220      0.148325935    
   38.4590836      0.137116745    
   38.4581375      0.125362962    
   38.4571838      0.113535903    
   38.4562263      0.101561680    
   38.4552612       8.97939429E-02
   38.4542923       7.80661330E-02
   38.4533157       6.63513318E-02
   38.4523315       5.40156327E-02
   38.4513435       4.22009341E-02
   38.4503441       3.09111737E-02
   38.4493446       1.89569164E-02
   38.4483337       7.29007134E-03
   38.4473190      -4.50797193E-03
   38.4462967      -1.63975507E-02
   38.4452667      -2.83888634E-02
   38.4442291      -3.98684256E-02
   38.4431877      -5.16962521E-02
   38.4421387      -6.33985102E-02
   38.4410820      -7.52141476E-02
   38.4400177      -8.70117471E-02
   38.4389496      -9.88685936E-02
   38.4378738     -0.110502057    
   38.4367905     -0.122312389    
   38.4356995     -0.134139270    
   38.4346008     -0.145776719    
   38.4334946     -0.157517910    
   38.4323845     -0.170332670    
   38.4312630     -0.181016728    
   38.4301376     -0.192879140    
   38.4290009     -0.204523578    
   38.4278603     -0.216299593    
   38.4267120     -0.228199288    
   38.4255562     -0.239749491    
   38.4243927     -0.251618236    
   38.4232216     -0.263175786    
   38.4220428     -0.274914503    
   38.4208527     -0.286680013    
   38.4196587     -0.298567921    
   38.4184570     -0.310077131    
   38.4172478     -0.321779430    
   38.4160309     -0.333597779    
   38.4148026     -0.345289111    
   38.4135704     -0.356921315    
   38.4123268     -0.368887454    
   38.4110794     -0.380276978    
   38.4098206     -0.391985178    
   38.4085541     -0.403654158    
   38.4072800     -0.415631175    
   38.4059982     -0.426974148    
   38.4047050     -0.438685477    
   38.4034081     -0.450309306    
   38.4020996     -0.462030828    
   38.4007835     -0.473701268    
   38.3994560     -0.485367149    
   38.3981247     -0.496992975    
   38.3967819     -0.508661866    
   38.3954315     -0.520380199    
   38.3940697     -0.532083094    
   38.3927002     -0.543656409    
   38.3913231     -0.555253088    
   38.3899384     -0.566901207    
   38.3885422     -0.578551948    
   38.3871384     -0.590141475    
   38.3857231     -0.601784110    
   38.3843002     -0.613428473    
   38.3828697     -0.625052989    
   38.3814278     -0.636694908    
   38.3799782     -0.648343265    
   38.3785172     -0.659954965    
   38.3770485     -0.671532154    
   38.3755684     -0.683172643    
   38.3740768     -0.694757581    
   38.3725815     -0.706369281    
   38.3710709     -0.718037426    
   38.3695526     -0.729631901    
   38.3680267     -0.741157293    
   38.3664894     -0.752679765    
   38.3649406     -0.764313281    
   38.3633804     -0.775858343    
   38.3618126     -0.787726820    
   38.3602333     -0.799055517    
   38.3586464     -0.810661316    
   38.3570480     -0.822146058    
   38.3554382     -0.833950162    
   38.3538170     -0.845301151    
   38.3521881     -0.856893122    
   38.3505478     -0.868524313    
   38.3488960     -0.879942358    
   38.3472328     -0.891469777    
   38.3455620     -0.903186679    
   38.3438759     -0.914540410    
   38.3421822     -0.926155806    
   38.3404770     -0.938292742    
   38.3387604     -0.949114442    
   38.3370285     -0.960661113    
   38.3352890     -0.972183526    
   38.3335419     -0.983720124    
   38.3317795     -0.995191932    
   38.3300056      -1.00670636    
   38.3282204      -1.01835918    
   38.3264236      -1.02974701    
   38.3246155      -1.04120886    
   38.3227921      -1.05272734    
   38.3209610      -1.06437004    
   38.3191185      -1.07566226    
   38.3172607      -1.08715343    
   38.3153954      -1.09870708    
   38.3135147      -1.11007905    
   38.3116226      -1.12158358    
   38.3097153      -1.13307178    
   38.3078003      -1.14449799    
   38.3058701      -1.15596282    
   38.3039284      -1.16757882    
   38.3019753      -1.17888808    
   38.3000069      -1.19034290    
   38.2980270      -1.20177484    
   38.2960320      -1.21321023    
   38.2940254      -1.22464228    
   38.2920074      -1.23611248    
   38.2899742      -1.24753010    
   38.2879295      -1.25899875    
   38.2858734      -1.27039504    
   38.2837982      -1.28183687    
   38.2817154      -1.29324698    
   38.2796135      -1.30460417    
   38.2775040      -1.31597936    
   38.2753754      -1.32743001    
   38.2732353      -1.33905566    
   38.2710800      -1.35018253    
   38.2689133      -1.36158252    
   38.2667313      -1.37305200    
   38.2645340      -1.38446772    
   38.2623253      -1.39568841    
   38.2600975      -1.40714109    
   38.2578583      -1.41847253    
   38.2556038      -1.42988050    
   38.2533340      -1.44121814    
   38.2510529      -1.45259559    
   38.2487526      -1.46391249    
   38.2464409      -1.47525012    
   38.2441139      -1.48659801    
   38.2417679      -1.49793732    
   38.2394104      -1.50929129    
   38.2370377      -1.52062392    
   38.2346458      -1.53194332    
   38.2322426      -1.54329085    
   38.2298203      -1.55464184    
   38.2273827      -1.56592393    
   38.2249298      -1.57723796    
   38.2224617      -1.58855772    
   38.2199783      -1.59984541    
   38.2174797      -1.61140168    
   38.2149620      -1.62242019    
   38.2124290      -1.63374054    
   38.2098808      -1.64502633    
   38.2073135      -1.65631247    
   38.2047310      -1.66758847    
   38.2021294      -1.67887187    
   38.1995125      -1.69018710    
   38.1968803      -1.70145667    
   38.1942291      -1.71268618    
   38.1915627      -1.72393715    
   38.1888771      -1.73524916    
   38.1861763      -1.74648213    
   38.1834526      -1.75771475    
   38.1807175      -1.76894832    
   38.1779594      -1.78019953    
   38.1751862      -1.79147065    
   38.1723938      -1.80266190    
   38.1695862      -1.81391752    
   38.1667557      -1.82511997    
   38.1639099      -1.83632290    
   38.1610451      -1.84754610    
   38.1581612      -1.85875094    
   38.1552582      -1.87005508    
   38.1523399      -1.88116479    
   38.1493988      -1.89264858    
   38.1464386      -1.90355086    
   38.1434593      -1.91473663    
   38.1404610      -1.92600226    
   38.1374435      -1.93717611    
   38.1344070      -1.94831228    
   38.1313515      -1.95956302    
   38.1282768      -1.97063327    
   38.1251793      -1.98182034    
   38.1220627      -1.99295139    
   38.1189232      -2.00485539    
   38.1157684      -2.01528931    
   38.1125908      -2.02640462    
   38.1093903      -2.03755617    
   38.1061707      -2.04868650    
   38.1029320      -2.05980873    
   38.0996704      -2.07099819    
   38.0963860      -2.08211565    
   38.0930824      -2.09349036    
   38.0897560      -2.10434222    
   38.0864105      -2.11543870    
   38.0830421      -2.12655354    
   38.0796509      -2.13765621    
   38.0762367      -2.14875746    
   38.0728035      -2.15985131    
   38.0693436      -2.17095709    
   38.0658646      -2.18204784    
   38.0623627      -2.19317102    
   38.0588379      -2.20424676    
   38.0552902      -2.21528292    
   38.0517197      -2.22632718    
   38.0481224      -2.23739958    
   38.0445061      -2.24861646    
   38.0408669      -2.25957894    
   38.0372009      -2.27057910    
   38.0335121      -2.28169060    
   38.0298004      -2.29267120    
   38.0260620      -2.30372453    
   38.0223007      -2.31475782    
   38.0185165      -2.32579303    
   38.0147057      -2.33680940    
   38.0108681      -2.34803534    
   38.0070114      -2.35885072    
   38.0031242      -2.36989307    
   37.9992142      -2.38089156    
   37.9952774      -2.39188957    
   37.9913177      -2.40287256    
   37.9873314      -2.41386724    
   37.9833183      -2.42487931    
   37.9792786      -2.43590808    
   37.9752121      -2.44687319    
   37.9711227      -2.45783734    
   37.9670029      -2.46879816    
   37.9628563      -2.47979188    
   37.9586868      -2.49073744    
   37.9544868      -2.50172687    
   37.9502602      -2.51266503    
   37.9460068      -2.52361393    
   37.9417229      -2.53456831    
   37.9374161      -2.54555154    
   37.9330788      -2.55668330    
   37.9287109      -2.56738472    
   37.9243164      -2.57834244    
   37.9198952      -2.58925128    
   37.9154434      -2.60017276    
   37.9109612      -2.61108661    
   37.9064522      -2.62201905    
   37.9019127      -2.63291669    
   37.8973465      -2.64383411    
   37.8927498      -2.65517569    
   37.8881187      -2.66563439    
   37.8834610      -2.67651677    
   37.8787727      -2.68752980    
   37.8740540      -2.69827914    
   37.8693047      -2.70916986    
   37.8645248      -2.72012258    
   37.8597145      -2.73092127    
   37.8548698      -2.74183011    
   37.8499985      -2.75264072    
   37.8450928      -2.76355076    
   37.8401527      -2.77520466    
   37.8351822      -2.78524709    
   37.8301811      -2.79606915    
   37.8251457      -2.80694675    
   37.8200798      -2.81774426    
   37.8149796      -2.82857513    
   37.8098450      -2.83972669    
   37.8046799      -2.85021973    
   37.7994766      -2.86103535    
   37.7942429      -2.87185621    
   37.7889748      -2.88266325    
   37.7836723      -2.89348221    
   37.7783356      -2.90428877    
   37.7729645      -2.91513395    
   37.7675591      -2.92591572    
   37.7621155      -2.93667722    
   37.7566376      -2.94762659    
   37.7511253      -2.95824075    
   37.7455750      -2.96901941    
   37.7399902      -2.97982383    
   37.7343712      -2.99059963    
   37.7287140      -3.00133467    
   37.7230186      -3.01210332    
   37.7172890      -3.02284932    
   37.7115173      -3.03361130    
   37.7057114      -3.04436564    
   37.6998672      -3.05510712    
   37.6939850      -3.06584144    
   37.6880646      -3.07673430    
   37.6821098      -3.08730984    
   37.6761093      -3.09805894    
   37.6700745      -3.10876822    
   37.6639977      -3.11948323    
   37.6578827      -3.13020229    
   37.6517296      -3.14096713    
   37.6455345      -3.15163708    
   37.6392975      -3.16233945    
   37.6330223      -3.17303300    
   37.6267052      -3.18380475    
   37.6203499      -3.19443655    
   37.6139488      -3.20511842    
   37.6075096      -3.21579719    
   37.6010284      -3.22647858    
   37.5945015      -3.23716283    
   37.5879364      -3.24783397    
   37.5813255      -3.25851345    
   37.5746727      -3.26918840    
   37.5679779      -3.27983141    
   37.5612373      -3.29052067    
   37.5544548      -3.30113792    
   37.5476265      -3.31182408    
   37.5407562      -3.32244062    
   37.5338402      -3.33308291    
   37.5268784      -3.34377337    
   37.5198708      -3.35435677    
   37.5128212      -3.36498690    
   37.5057220      -3.37561655    
   37.4985771      -3.38623500    
   37.4913864      -3.39686966    
   37.4841499      -3.40746903    
   37.4768639      -3.41809177    
   37.4695320      -3.42871308    
   37.4621544      -3.43930864    
   37.4547272      -3.44990802    
   37.4472504      -3.46051288    
   37.4397278      -3.47110081    
   37.4321518      -3.48169804    
   37.4245300      -3.49236250    
   37.4168587      -3.50285506    
   37.4091377      -3.51344204    
   37.4013672      -3.52402687    
   37.3935432      -3.53459501    
   37.3856697      -3.54518652    
   37.3777428      -3.55574536    
   37.3697662      -3.56633258    
   37.3617401      -3.57685661    
   37.3536606      -3.58743167    
   37.3455276      -3.59796667    
   37.3373413      -3.60853767    
   37.3291016      -3.61907578    
   37.3208084      -3.62962008    
   37.3124657      -3.64015484    
   37.3040619      -3.65069461    
   37.2956085      -3.66122198    
   37.2870979      -3.67176342    
   37.2785339      -3.68229175    
   37.2699127      -3.69389939    
   37.2612343      -3.70334172    
   37.2524986      -3.71390700    
   37.2437096      -3.72439480    
   37.2348633      -3.73489857    
   37.2259560      -3.74539995    
   37.2169952      -3.75590253    
   37.2079735      -3.76642251    
   37.1988945      -3.77693844    
   37.1897545      -3.78742838    
   37.1805573      -3.79794335    
   37.1712990      -3.80840659    
   37.1619797      -3.81890035    
   37.1525993      -3.82938695    
   37.1431580      -3.83988023    
   37.1336594      -3.85065937    
   37.1240959      -3.86084390    
   37.1144714      -3.87134695    
   37.1047821      -3.88189197    
   37.0950317      -3.89228463    
   37.0852165      -3.90274072    
   37.0753403      -3.91321564    
   37.0653992      -3.92367911    
   37.0553894      -3.93415141    
   37.0453186      -3.94461584    
   37.0351830      -3.95507026    
   37.0249786      -3.96553802    
   37.0147095      -3.97598004    
   37.0043716      -3.98643112    
   36.9939690      -3.99688983    
   36.9834976      -4.00734377    
   36.9729576      -4.01779175    
   36.9623489      -4.02823782    
   36.9516716      -4.03867769    
   36.9409256      -4.04916048    
   36.9301109      -4.05960131    
   36.9192238      -4.07001829    
   36.9082680      -4.08044863    
   36.8972397      -4.09088850    
   36.8861389      -4.10132074    
   36.8749657      -4.11174870    
   36.8637199      -4.12218714    
   36.8524017      -4.13261938    
   36.8410110      -4.14305735    
   36.8295441      -4.15347719    
   36.8180046      -4.16390181    
   36.8063927      -4.17433834    
   36.7947006      -4.18475151    
   36.7829323      -4.19518232    
   36.7710876      -4.20561075    
   36.7591705      -4.21602583    
   36.7471733      -4.22644567    
   36.7350960      -4.23686361    
   36.7229424      -4.24728727    
   36.7107086      -4.25772572    
   36.6983948      -4.26813745    
   36.6860046      -4.27854681    
   36.6735306      -4.28897476    
   36.6609726      -4.29939222    
   36.6483383      -4.30980587    
   36.6356201      -4.32022619    
   36.6228180      -4.33063984    
   36.6099358      -4.34108782    
   36.5969658      -4.35147429    
   36.5839157      -4.36193037    
   36.5707779      -4.37231445    
   36.5575562      -4.38274574    
   36.5442467      -4.39315271    
   36.5308495      -4.40357351    
   36.5173683      -4.41402054    
   36.5037994      -4.42446852    
   36.4901428      -4.43483829    
   36.4763947      -4.44526005    
   36.4625587      -4.45568752    
   36.4486313      -4.46610355    
   36.4346123      -4.47653818    
   36.4205093      -4.48696232    
   36.4063072      -4.49738932    
   36.3920135      -4.50781727    
   36.3776321      -4.51824331    
   36.3631516      -4.52895308    
   36.3485794      -4.53912401    
   36.3339119      -4.54955339    
   36.3191490      -4.55999184    
   36.3042908      -4.57042980    
   36.2893372      -4.58088541    
   36.2742844      -4.59132004    
   36.2591324      -4.60176373    
   36.2438850      -4.61222029    
   36.2285385      -4.62266254    
   36.2130890      -4.63312054    
   36.1975403      -4.64358044    
   36.1818924      -4.65403986    
   36.1661415      -4.66450024    
   36.1502876      -4.67496824    
   36.1343307      -4.68543720    
   36.1182709      -4.69591665    
   36.1021080      -4.70639181    
   36.0858383      -4.71686649    
   36.0694618      -4.72735977    
   36.0529785      -4.73784447    
   36.0363884      -4.74834394    
   36.0196953      -4.75883293    
   36.0028877      -4.76936483    
   35.9859734      -4.77984142    
   35.9689484      -4.79036760    
   35.9518127      -4.80087566    
   35.9345665      -4.81139374    
   35.9172096      -4.82191229    
   35.8997383      -4.83244228    
   35.8821526      -4.84298134    
   35.8644524      -4.85352278    
   35.8466377      -4.86407375    
   35.8287048      -4.87462616    
   35.8106613      -4.88518524    
   35.7924957      -4.89575911    
   35.7742119      -4.90632439    
   35.7558136      -4.91690254    
   35.7372894      -4.92749739    
   35.7186470      -4.93808556    
   35.6998863      -4.94870138    
   35.6809998      -4.95932817    
   35.6619949      -4.96991014    
   35.6428642      -4.98053503    
   35.6236076      -4.99116945    
   35.6042252      -5.00182104    
   35.5847206      -5.01246500    
   35.5650864      -5.02312040    
   35.5453262      -5.03378487    
   35.5254364      -5.04446554    
   35.5054169      -5.05514383    
   35.4852676      -5.06583786    
   35.4649887      -5.07654190    
   35.4445763      -5.08725929    
   35.4240341      -5.09800720    
   35.4033546      -5.10872030    
   35.3825417      -5.11947870    
   35.3615913      -5.13023710    
   35.3405113      -5.14098978    
   35.3192902      -5.15177202    
   35.2979279      -5.16257191    
   35.2764320      -5.17337275    
   35.2547913      -5.18419075    
   35.2330170      -5.19501543    
   35.2110977      -5.20585775    
   35.1890335      -5.21674109    
   35.1668282      -5.22758532    
   35.1444778      -5.23847198    
   35.1219826      -5.24936342    
   35.0993423      -5.26028061    
   35.0765495      -5.27120590    
   35.0536118      -5.28214645    
   35.0305252      -5.29311466    
   35.0072937      -5.30407763    
   34.9839020      -5.31506586    
   34.9603653      -5.32607317    
   34.9366722      -5.33719206    
   34.9128227      -5.34813690    
   34.8888245      -5.35919857    
   34.8646660      -5.37074566    
   34.8403511      -5.38136578    
   34.8158760      -5.39247704    
   34.7912445      -5.40360880    
   34.7664566      -5.41475821    
   34.7415009      -5.42594957    
   34.7163849      -5.43712330    
   34.6911049      -5.44833755    
   34.6656609      -5.45959187    
   34.6400566      -5.47083044    
   34.6142807      -5.48209810    
   34.5883369      -5.49340010    
   34.5622253      -5.50472307    
   34.5359421      -5.51607084    
   34.5094910      -5.52743912    
   34.4828682      -5.53883648    
   34.4560699      -5.55025864    
   34.4291000      -5.56169891    
   34.4019547      -5.57317400    
   34.3746300      -5.58466911    
   34.3471298      -5.59619617    
   34.3194504      -5.60775614    
   34.2915916      -5.61932659    
   34.2635498      -5.63093662    
   34.2353249      -5.64258528    
   34.2069244      -5.65424585    
   34.1783295      -5.66594887    
   34.1495552      -5.67767382    
   34.1205902      -5.68944073    
   34.0914345      -5.70123482    
   34.0620956      -5.71306229    
   34.0325623      -5.72492409    
   34.0028381      -5.73681879    
   33.9729195      -5.74875212    
   33.9428062      -5.76071787    
   33.9125023      -5.77272224    
   33.8819962      -5.78476286    
   33.8512917      -5.79686213    
   33.8203888      -5.80896759    
   33.7892838      -5.82112455    
   33.7579803      -5.83332491    
   33.7264709      -5.84555960    
   33.6947556      -5.85784245    
   33.6628304      -5.87017059    
   33.6307030      -5.88254023    
   33.5983696      -5.89495516    
   33.5658188      -5.90741634    
   33.5330620      -5.91992378    
   33.5000877      -5.93249035    
   33.4668999      -5.94508839    
   33.4335022      -5.95773745    
   33.3998833      -5.97043800    
   33.3660431      -5.98319626    
   33.3319855      -5.99614477    
   33.2977028      -6.00886965    
   33.2632065      -6.02178478    
   33.2284775      -6.03475952    
   33.1935234      -6.04779339    
   33.1583443      -6.06088209    
   33.1229362      -6.07403564    
   33.0872955      -6.08724403    
   33.0514297      -6.10055733    
   33.0153236      -6.11385345    
   32.9789848      -6.12727261    
   32.9424095      -6.14072704    
   32.9055977      -6.15426445    
   32.8685493      -6.16786909    
   32.8312569      -6.18156672    
   32.7937202      -6.19530392    
   32.7559395      -6.20911932    
   32.7179184      -6.22301626    
   32.6796494      -6.23699045    
   32.6411285      -6.25104523    
   32.6023560      -6.26518011    
   32.5633316      -6.27939844    
   32.5240555      -6.29369974    
   32.4845238      -6.30808735    
   32.4447365      -6.32256508    
   32.4046860      -6.33713388    
   32.3643761      -6.35178375    
   32.3238068      -6.36653423    
   32.2829742      -6.38137817    
   32.2418747      -6.39632273    
   32.2005081      -6.41136599    
   32.1588707      -6.42651320    
   32.1169662      -6.44176531    
   32.0747910      -6.45711851    
   32.0323372      -6.47258759    
   31.9896069      -6.48816776    
   31.9465981      -6.50386238    
   31.9033108      -6.51967621    
   31.8597488      -6.53560352    
   31.8158951      -6.55165958    
   31.7717590      -6.56783819    
   31.7273350      -6.58414793    
   31.6826210      -6.60058737    
   31.6376228      -6.61715984    
   31.5923271      -6.63387251    
   31.5467358      -6.65072536    
   31.5008488      -6.66772318    
   31.4546642      -6.68486881    
   31.4081841      -6.70216370    
   31.3613968      -6.71961403    
   31.3143044      -6.73722649    
   31.2669067      -6.75500011    
   31.2192001      -6.77293777    
   31.1711826      -6.79105091    
   31.1228600      -6.80933189    
   31.0742168      -6.82779789    
   31.0252571      -6.84644508    
   30.9759808      -6.86528015    
   30.9263821      -6.88430977    
   30.8764687      -6.90353441    
   30.8262234      -6.92297268    
   30.7756500      -6.94260311    
   30.7247505      -6.96245098    
   30.6735191      -6.98252153    
   30.6219616      -7.00280952    
   30.5700626      -7.02333307    
   30.5178261      -7.04409552    
   30.4652481      -7.06509209    
   30.4123306      -7.08633947    
   30.3590736      -7.10783815    
   30.3054657      -7.12960291    
   30.2515068      -7.15163708    
   30.1972008      -7.17394161    
   30.1425400      -7.19653225    
   30.0875282      -7.21940899    
   30.0321541      -7.24258709    
   29.9764214      -7.26607227    
   29.9203243      -7.28987026    
   29.8638611      -7.31399107    
   29.8070412      -7.33843946    
   29.7498436      -7.36323309    
   29.6922722      -7.38837481    
   29.6343307      -7.41387510    
   29.5760078      -7.43976784    
   29.5173149      -7.46601295    
   29.4582348      -7.49263382    
   29.3987694      -7.51967382    
   29.3389168      -7.54712772    
   29.2786751      -7.57500792    
   29.2180481      -7.60331821    
   29.1570225      -7.63207531    
   29.0955982      -7.66129780    
   29.0337753      -7.69099379    
   28.9715500      -7.72117662    
   28.9089279      -7.75185537    
   28.8458900      -7.78306532    
   28.7824440      -7.81478310    
   28.7185841      -7.84707069    
   28.6543083      -7.87989759    
   28.5896168      -7.91331244    
   28.5245113      -7.94731665    
   28.4589767      -7.98194122    
   28.3930130      -8.01718807    
   28.3266220      -8.05308628    
   28.2598000      -8.08965492    
   28.1925507      -8.12690353    
   28.1248550      -8.16485786    
   28.0567207      -8.20356369    
   27.9881439      -8.24297905    
   27.9191189      -8.28318501    
   27.8496552      -8.32418442    
   27.7797318      -8.36600304    
   27.7093544      -8.40865707    
   27.6385174      -8.45218945    
   27.5672207      -8.49659443    
   27.4954681      -8.54192448    
   27.4232426      -8.58821106    
   27.3505459      -8.63545895    
   27.2773781      -8.68370533    
   27.2037315      -8.73299313    
   27.1296177      -8.78333378    
   27.0550117      -8.83478165    
   26.9799232      -8.88734055    
   26.9043427      -8.94107056    
   26.8282738      -8.99599266    
   26.7517185      -9.05212879    
   26.6746559      -9.10953426    
   26.5970936      -9.16824341    
   26.5190258      -9.22829342    
   26.4404507      -9.28972340    
   26.3613739      -9.35255909    
   26.2817726      -9.41687298    
   26.2016563      -9.48267174    
   26.1210175      -9.55002308    
   26.0398560      -9.61895752    
   25.9581738      -9.68952751    
   25.8759537      -9.76178551    
   25.7931976      -9.83579445    
   25.7099037      -9.91156483    
   25.6260662      -9.98912811    
   25.5416965      -10.0685949    
   25.4567661      -10.1500111    
   25.3712864      -10.2334156    
   25.2852478      -10.3188658    
   25.1986523      -10.4064188    
   25.1114922      -10.4961338    
   25.0237770      -10.5881186    
   24.9354801      -10.6822863    
   24.8466091      -10.7788630    
   24.7571602      -10.8778524    
   24.6671295      -10.9793186    
   24.5765266      -11.0836210    
   24.4853230      -11.1899624    
   24.3935242      -11.2992983    
   24.3011303      -11.4114008    
   24.2081375      -11.5263472    
   24.1145477      -11.6441956    
   24.0203400      -11.7650604    
   23.9255180      -11.8890181    
   23.8300819      -12.0161467    
   23.7340240      -12.1465378    
   23.6373539      -12.2802753    
   23.5400429      -12.4174671    
   23.4421005      -12.5582047    
   23.3435211      -12.7025738    
   23.2443008      -12.8506422    
   23.1444454      -13.0025845    
   23.0439301      -13.1584978    
   22.9427605      -13.3184881    
   22.8409348      -13.4826479    
   22.7384472      -13.6511250    
   22.6353035      -13.8240023    
   22.5314789      -14.0014706    
   22.4269791      -14.1836309    
   22.3217983      -14.3706112    
   22.2159367      -14.5625877    
   22.1093960      -14.7597036    
   22.0021515      -14.9620113    
   21.8942108      -15.1698160    
   21.7855663      -15.3832464    
   21.6762161      -15.6024141    
   21.5661678      -15.8275242    
   21.4553928      -16.0588493    
   21.3438950      -16.2964554    
   21.2316742      -16.5405807    
   21.1187229      -16.7914639    
   21.0050507      -17.0492992    
   20.8906250      -17.3143578    
   20.7754574      -17.5868454    
   20.6595402      -17.8670025    
   20.5428696      -18.1550961    
   20.4254398      -18.4514046    
   20.3072605      -18.7561417    
   20.1882992      -19.0697021    
   20.0685654      -19.3923149    
   19.9480515      -19.7243214    
   19.8267555      -20.0660553    
   19.7046833      -20.4178371    
   19.5818062      -20.7800961    
   19.4581261      -21.1531925    
   19.3336449      -21.5374622    
   19.2083549      -21.9335403    
   19.0822620      -22.3413048    
   18.9553375      -22.7617893    
   18.8275852      -23.1952839    
   18.6990051      -23.6422405    
   18.5695877      -24.1035404    
   18.4393444      -24.5786438    
   18.3082390      -25.0692768    
   18.1762810      -25.5757027    
   18.0434647      -26.0983353    
   17.9097843      -26.6380424    
   17.7752514      -27.1953831    
   17.6398277      -27.7711926    
   17.5035248      -28.3661728    
   17.3663349      -28.9811344    
   17.2282524      -29.6169090    
   17.0892906      -30.2742939    
   16.9494057      -30.9543934    
   16.8086128      -31.6579514    
   16.6669044      -32.3861618    
   16.5242767      -33.1404915    
   16.3807373      -33.9205742    
   16.2362480      -34.7293320    
   16.0908165      -35.5671158    
   15.9444427      -36.4353218    
   15.7971172      -37.3355293    
   15.6488495      -38.2689705    
   15.4996014      -39.2374077    
   15.3493824      -40.2422981    
   15.1981888      -41.2852020    
   15.0460091      -42.3681564    
   14.8928604      -43.4927788    
   14.7386951      -44.6613274    
   14.5835304      -45.8757744    
   14.4273548      -47.1383247    
   14.2701664      -48.4513283    
   14.1119537      -49.8172646    
   13.9527340      -51.2384224    
   13.7924576      -52.7181740    
   13.6311398      -54.2591133    
   13.4687729      -55.8645325    
   13.3053493      -57.5377045    
   13.1408844      -59.2818947    
   12.9753323      -61.1012688    
   12.8087006      -62.9994812    
   12.6409874      -64.9807281    
   12.4721832      -67.0497360    
   12.3023014      -69.2100525    
   12.1312943      -71.4680328    
   11.9591770      -73.8291550    
   11.7859402      -76.2971802    
   11.6115780      -78.8802643    
   11.4361019      -81.5838470    
   11.2594643      -84.4165649    
   11.0816784      -87.3825073    
   10.9027348      -90.4926834    
   10.7226295      -93.7546539    
   10.5413742      -97.1719055    
   10.3589211      -100.334488    
   10.1752796      -100.334488    
   9.99044418      -100.334488    
   9.80440712      -100.334488    
   9.61718369      -100.334488    
   9.42871857      -100.334488    
   9.23903275      -100.334488    
   9.04810905      -100.334488    
   8.85594559      -100.334488    
   8.66255379      -100.334488    
   8.46788597      -100.334488    
   8.27194977      -100.334488    
   8.07473946      -100.334488    
   7.87624550      -100.334488    
   7.67648888      -100.334488    
   7.47540665      -100.334488    
   7.27301979      -100.334488    
   7.06931305      -100.334488    
   6.86428642      -100.334488    
   6.65794945      -100.334488    
   6.45024490      -100.334488    
   6.24119186      -100.334488    
   6.03077698      -100.334488    
   5.81899643      -100.334488    
   5.60584259      -100.334488    
   5.39132309      -100.334488    
   5.17538452      -100.334488    
   4.95804214      -100.334488    
   4.73928833      -100.334488    
   4.51910782      -100.334488    
   4.29752731      -100.334488    
   4.07447815      -100.334488    
   3.84997940      -100.334488    
   3.62401581      -100.334488    
   3.39658737      -100.334488    
   3.16770935      -100.334488    
   2.93731308      -100.334488    
   2.70542145      -100.334488    
   2.47201920      -100.334488    
   2.23709869      -100.334488    
   2.00068665      -100.334488    
   1.76269913      -100.334488    
   1.52317047      -100.334488    
