   38.6044922       121615568.    
   38.6044922       121615568.    
   38.6044922       121615568.    
   38.6044922       121615568.    
   38.6044884       104670240.    
   38.6044884       104670240.    
   38.6044884       104670240.    
   38.6044884       104670240.    
   38.6044884       104670240.    
   38.6044884       104670240.    
   38.6044846       92318928.0    
   38.6044846       92318928.0    
   38.6044846       92318928.0    
   38.6044846       92318928.0    
   38.6044846       92318928.0    
   38.6044846       92318928.0    
   38.6044807       84257824.0    
   38.6044807       84257824.0    
   38.6044807       84257824.0    
   38.6044807       84257824.0    
   38.6044807       84257824.0    
   38.6044807       84257824.0    
   38.6044769       67451920.0    
   38.6044769       67451920.0    
   38.6044769       67451920.0    
   38.6044769       67451920.0    
   38.6044769       67451920.0    
   38.6044769       67451920.0    
   38.6044731       63017956.0    
   38.6044731       63017956.0    
   38.6044731       63017956.0    
   38.6044731       63017956.0    
   38.6044731       63017956.0    
   38.6044731       63017956.0    
   38.6044693       56452136.0    
   38.6044693       56452136.0    
   38.6044693       56452136.0    
   38.6044693       56452136.0    
   38.6044693       56452136.0    
   38.6044655       48863180.0    
   38.6044655       48863180.0    
   38.6044655       48863180.0    
   38.6044655       48863180.0    
   38.6044655       48863180.0    
   38.6044617       45679152.0    
   38.6044617       45679152.0    
   38.6044617       45679152.0    
   38.6044617       45679152.0    
   38.6044617       45679152.0    
   38.6044579       41367764.0    
   38.6044579       41367764.0    
   38.6044579       41367764.0    
   38.6044579       41367764.0    
   38.6044579       41367764.0    
   38.6044540       38095764.0    
   38.6044540       38095764.0    
   38.6044540       38095764.0    
   38.6044540       38095764.0    
   38.6044540       38095764.0    
   38.6044502       33108226.0    
   38.6044502       33108226.0    
   38.6044502       33108226.0    
   38.6044502       33108226.0    
   38.6044464       29713182.0    
   38.6044464       29713182.0    
   38.6044464       29713182.0    
   38.6044464       29713182.0    
   38.6044426       29191026.0    
   38.6044426       29191026.0    
   38.6044426       29191026.0    
   38.6044426       29191026.0    
   38.6044426       29191026.0    
   38.6044388       24928506.0    
   38.6044388       24928506.0    
   38.6044388       24928506.0    
   38.6044388       24928506.0    
   38.6044350       24355818.0    
   38.6044350       24355818.0    
   38.6044350       24355818.0    
   38.6044350       24355818.0    
   38.6044312       21483624.0    
   38.6044312       21483624.0    
   38.6044312       21483624.0    
   38.6044312       21483624.0    
   38.6044273       20272774.0    
   38.6044273       20272774.0    
   38.6044273       20272774.0    
   38.6044273       20272774.0    
   38.6044235       18688752.0    
   38.6044235       18688752.0    
   38.6044235       18688752.0    
   38.6044235       18688752.0    
   38.6044197       16831252.0    
   38.6044197       16831252.0    
   38.6044197       16831252.0    
   38.6044159       15980673.0    
   38.6044159       15980673.0    
   38.6044159       15980673.0    
   38.6044159       15980673.0    
   38.6044121       13690023.0    
   38.6044121       13690023.0    
   38.6044121       13690023.0    
   38.6044083       14087850.0    
   38.6044083       14087850.0    
   38.6044083       14087850.0    
   38.6044083       14087850.0    
   38.6044044       12461426.0    
   38.6044044       12461426.0    
   38.6044044       12461426.0    
   38.6044006       12195682.0    
   38.6044006       12195682.0    
   38.6044006       12195682.0    
   38.6043968       11075446.0    
   38.6043968       11075446.0    
   38.6043968       11075446.0    
   38.6043968       11075446.0    
   38.6043930       9631022.00    
   38.6043930       9631022.00    
   38.6043930       9631022.00    
   38.6043892       9628752.00    
   38.6043892       9628752.00    
   38.6043892       9628752.00    
   38.6043854       8802667.00    
   38.6043854       8802667.00    
   38.6043854       8802667.00    
   38.6043816       8269503.50    
   38.6043816       8269503.50    
   38.6043816       8269503.50    
   38.6043777       7803389.50    
   38.6043777       7803389.50    
   38.6043777       7803389.50    
   38.6043739       7573897.00    
   38.6043739       7573897.00    
   38.6043739       7573897.00    
   38.6043701       7276311.50    
   38.6043701       7276311.50    
   38.6043663       6209817.00    
   38.6043663       6209817.00    
   38.6043663       6209817.00    
   38.6043625       6295786.00    
   38.6043625       6295786.00    
   38.6043625       6295786.00    
   38.6043587       5865276.50    
   38.6043587       5865276.50    
   38.6043587       5865276.50    
   38.6043549       5246873.00    
   38.6043549       5246873.00    
   38.6043510       5394991.50    
   38.6043510       5394991.50    
   38.6043510       5394991.50    
   38.6043472       4832316.00    
   38.6043472       4832316.00    
   38.6043434       4687168.00    
   38.6043434       4687168.00    
   38.6043434       4687168.00    
   38.6043396       4542079.00    
   38.6043396       4542079.00    
   38.6043358       3976319.25    
   38.6043358       3976319.25    
   38.6043358       3976319.25    
   38.6043320       4076437.25    
   38.6043320       4076437.25    
   38.6043282       3701065.00    
   38.6043282       3701065.00    
   38.6043243       3670187.25    
   38.6043243       3670187.25    
   38.6043243       3670187.25    
   38.6043205       3462261.00    
   38.6043205       3462261.00    
   38.6043167       3181775.75    
   38.6043167       3181775.75    
   38.6043129       3257118.00    
   38.6043129       3257118.00    
   38.6043091       2773674.75    
   38.6043091       2773674.75    
   38.6043091       2773674.75    
   38.6043053       2856289.00    
   38.6043053       2856289.00    
   38.6043015       2691673.50    
   38.6043015       2691673.50    
   38.6042976       2466561.00    
   38.6042976       2466561.00    
   38.6042938       2516486.00    
   38.6042938       2516486.00    
   38.6042900       2383006.00    
   38.6042900       2383006.00    
   38.6042862       2312246.25    
   38.6042862       2312246.25    
   38.6042824       2180309.50    
   38.6042824       2180309.50    
   38.6042786       1925857.25    
   38.6042786       1925857.25    
   38.6042747       2012407.12    
   38.6042747       2012407.12    
   38.6042709       1917577.62    
   38.6042709       1917577.62    
   38.6042671       1832936.00    
   38.6042671       1832936.00    
   38.6042633       1772572.38    
   38.6042595       1713925.25    
   38.6042595       1713925.25    
   38.6042557       1682417.25    
   38.6042557       1682417.25    
   38.6042519       1501067.50    
   38.6042519       1501067.50    
   38.6042480       1449514.50    
   38.6042480       1449514.50    
   38.6042442       1446119.25    
   38.6042404       1337305.62    
   38.6042404       1337305.62    
   38.6042366       1371655.62    
   38.6042366       1371655.62    
   38.6042328       1292114.38    
   38.6042328       1292114.38    
   38.6042290       1282697.62    
   38.6042252       1160623.50    
   38.6042252       1160623.50    
   38.6042213       1106815.12    
   38.6042213       1106815.12    
   38.6042175       1122531.12    
   38.6042137       1081535.00    
   38.6042137       1081535.00    
   38.6042099       1049992.62    
   38.6042061       965329.750    
   38.6042061       965329.750    
   38.6042023       975729.812    
   38.6042023       975729.812    
   38.6041985       969800.000    
   38.6041946       886865.312    
   38.6041946       886865.312    
   38.6041908       860971.062    
   38.6041870       801169.375    
   38.6041870       801169.375    
   38.6041832       808247.438    
   38.6041794       806858.062    
   38.6041794       806858.062    
   38.6041756       779486.938    
   38.6041718       755534.125    
   38.6041679       696506.062    
   38.6041679       696506.062    
   38.6041641       692220.312    
   38.6041603       677619.000    
   38.6041603       677619.000    
   38.6041565       617504.375    
   38.6041527       633031.500    
   38.6041489       602214.750    
   38.6041489       602214.750    
   38.6041451       606003.250    
   38.6041412       579464.000    
   38.6041412       579464.000    
   38.6041374       561944.250    
   38.6041336       552561.062    
   38.6041298       516518.906    
   38.6041260       508840.156    
   38.6041260       508840.156    
   38.6041222       498684.312    
   38.6041183       496447.625    
   38.6041145       479922.469    
   38.6041145       479922.469    
   38.6041107       451370.969    
   38.6041069       447703.594    
   38.6041031       422662.500    
   38.6040993       428683.156    
   38.6040993       428683.156    
   38.6040955       406772.344    
   38.6040916       406737.969    
   38.6040878       397186.625    
   38.6040840       377925.719    
   38.6040802       359589.375    
   38.6040802       359589.375    
   38.6040764       346577.094    
   38.6040726       352702.500    
   38.6040688       347876.594    
   38.6040649       333152.062    
   38.6040611       329777.000    
   38.6040573       321541.219    
   38.6040535       313308.469    
   38.6040535       313308.469    
   38.6040497       296994.281    
   38.6040459       291350.188    
   38.6040421       296974.000    
   38.6040382       287337.438    
   38.6040344       276547.594    
   38.6040306       271228.406    
   38.6040268       270631.688    
   38.6040230       257350.969    
   38.6040192       239755.219    
   38.6040154       241301.672    
   38.6040115       242760.469    
   38.6040077       238678.328    
   38.6040039       232595.000    
   38.6040001       227168.328    
   38.6039963       217031.219    
   38.6039925       206011.578    
   38.6039886       211029.938    
   38.6039848       206954.766    
   38.6039810       201793.906    
   38.6039772       196128.453    
   38.6039734       189451.078    
   38.6039696       191906.781    
   38.6039658       186501.188    
   38.6039619       176056.500    
   38.6039581       170280.438    
   38.6039543       173085.625    
   38.6039505       172551.781    
   38.6039467       168191.641    
   38.6039429       166835.719    
   38.6039391       160516.297    
   38.6039352       155706.328    
   38.6039314       153582.250    
   38.6039276       147326.047    
   38.6039200       147034.125    
   38.6039162       143639.734    
   38.6039124       137430.078    
   38.6039085       133457.516    
   38.6039047       134424.844    
   38.6039009       128834.180    
   38.6038971       126630.125    
   38.6038895       124373.555    
   38.6038857       124292.070    
   38.6038818       120148.617    
   38.6038780       115886.727    
   38.6038742       114652.648    
   38.6038666       111335.680    
   38.6038628       110774.836    
   38.6038589       107685.055    
   38.6038551       105495.570    
   38.6038513       104470.766    
   38.6038437       99419.4062    
   38.6038399       96540.0547    
   38.6038361       94293.5469    
   38.6038322       92718.2188    
   38.6038246       91121.0938    
   38.6038208       89340.8047    
   38.6038170       87989.7734    
   38.6038094       86107.7656    
   38.6038055       85241.0859    
   38.6038017       84489.8828    
   38.6037941       79607.9297    
   38.6037903       78796.5859    
   38.6037865       78281.6328    
   38.6037788       75503.6953    
   38.6037750       73968.9531    
   38.6037712       72501.2969    
   38.6037636       70692.1250    
   38.6037598       70039.7578    
   38.6037521       67143.9375    
   38.6037483       67219.6484    
   38.6037445       66147.4609    
   38.6037369       61890.1250    
   38.6037331       60980.2031    
   38.6037254       61022.7266    
   38.6037216       60265.0430    
   38.6037140       56763.1016    
   38.6037102       55683.1523    
   38.6037025       53786.8203    
   38.6036987       53229.0195    
   38.6036911       52518.7930    
   38.6036873       52655.4102    
   38.6036797       51222.3008    
   38.6036758       50070.4805    
   38.6036682       49175.4258    
   38.6036644       48221.1758    
   38.6036568       46252.6016    
   38.6036530       45913.3477    
   38.6036453       44252.3867    
   38.6036415       43885.3711    
   38.6036339       43240.0352    
   38.6036263       41911.8633    
   38.6036224       41140.7305    
   38.6036148       40232.7266    
   38.6036072       39118.0039    
   38.6036034       38252.3984    
   38.6035957       36664.0586    
   38.6035881       34996.3984    
   38.6035843       34701.0781    
   38.6035767       34965.3789    
   38.6035690       34417.0352    
   38.6035652       33899.7344    
   38.6035576       32887.5312    
   38.6035500       32268.6816    
   38.6035423       31001.4980    
   38.6035385       30691.7266    
   38.6035309       30404.3242    
   38.6035233       29710.8164    
   38.6035156       28661.1758    
   38.6035080       27941.8457    
   38.6035042       27702.9512    
   38.6034966       27232.9707    
   38.6034889       25785.0371    
   38.6034813       25012.2949    
   38.6034737       25057.9434    
   38.6034660       24518.4395    
   38.6034584       23843.8027    
   38.6034508       23065.4570    
   38.6034470       22929.7695    
   38.6034393       22661.6855    
   38.6034317       21926.4824    
   38.6034241       21420.8945    
   38.6034164       21224.2441    
   38.6034088       20797.2676    
   38.6034012       20022.2227    
   38.6033936       19249.7754    
   38.6033859       18873.5234    
   38.6033783       18815.2793    
   38.6033707       18404.0742    
   38.6033630       18028.4258    
   38.6033516       17621.1934    
   38.6033440       17100.3633    
   38.6033363       16680.6758    
   38.6033287       16416.3008    
   38.6033211       15887.2656    
   38.6033134       15308.5977    
   38.6033058       15212.9980    
   38.6032982       15131.9258    
   38.6032867       14758.0215    
   38.6032791       14649.8857    
   38.6032715       14359.2461    
   38.6032639       14012.8232    
   38.6032524       13540.3398    
   38.6032448       12733.8193    
   38.6032372       12184.2275    
   38.6032295       12328.8096    
   38.6032181       12493.0977    
   38.6032104       12247.8926    
   38.6032028       11991.6953    
   38.6031914       11576.7432    
   38.6031837       11089.5312    
   38.6031761       10710.0264    
   38.6031647       10764.9121    
   38.6031570       10700.6533    
   38.6031456       10164.8789    
   38.6031380       10092.4932    
   38.6031265       9788.77539    
   38.6031189       9429.54688    
   38.6031113       9301.54004    
   38.6030998       9402.25000    
   38.6030922       9253.53418    
   38.6030807       8951.01953    
   38.6030693       8240.32520    
   38.6030617       8159.60791    
   38.6030502       8261.34375    
   38.6030426       8129.38086    
   38.6030312       7809.22510    
   38.6030197       7636.85645    
   38.6030121       7645.90283    
   38.6030006       7501.00586    
   38.6029892       7017.69531    
   38.6029816       7024.26953    
   38.6029701       6991.91699    
   38.6029587       6717.77197    
   38.6029472       6608.38770    
   38.6029396       6621.60547    
   38.6029282       6192.48291    
   38.6029167       6156.56055    
   38.6029053       6164.50439    
   38.6028938       5891.01514    
   38.6028824       5846.10693    
   38.6028748       5644.46387    
   38.6028633       5499.28564    
   38.6028519       5440.56396    
   38.6028404       5357.36670    
   38.6028290       5201.78857    
   38.6028175       5078.91455    
   38.6028061       4956.87549    
   38.6027946       4813.75342    
   38.6027832       4659.57031    
   38.6027718       4612.55664    
   38.6027603       4624.10205    
   38.6027489       4494.89111    
   38.6027336       4370.27637    
   38.6027222       4287.49902    
   38.6027107       4141.48730    
   38.6026993       4092.41016    
   38.6026878       4074.17163    
   38.6026726       3946.11182    
   38.6026611       3892.92798    
   38.6026497       3786.50171    
   38.6026382       3721.88892    
   38.6026230       3622.97095    
   38.6026115       3561.00610    
   38.6026001       3497.78223    
   38.6025848       3388.74365    
   38.6025734       3322.27588    
   38.6025581       3216.55127    
   38.6025467       3129.39600    
   38.6025352       3057.93213    
   38.6025200       3011.55420    
   38.6025085       2990.34521    
   38.6024933       2932.55566    
   38.6024780       2852.28955    
   38.6024666       2786.58374    
   38.6024513       2731.79224    
   38.6024399       2694.71313    
   38.6024246       2634.49536    
   38.6024094       2558.57666    
   38.6023979       2505.31494    
   38.6023827       2459.72998    
   38.6023674       2395.73218    
   38.6023521       2326.56982    
   38.6023407       2276.52734    
   38.6023254       2207.30835    
   38.6023102       2172.22168    
   38.6022949       2159.51514    
   38.6022797       2113.25220    
   38.6022644       2057.15698    
   38.6022491       2025.96204    
   38.6022339       1981.36877    
   38.6022186       1928.74634    
   38.6022034       1874.52478    
   38.6021881       1834.92542    
   38.6021729       1810.82202    
   38.6021576       1773.89282    
   38.6021423       1695.52856    
   38.6021271       1642.10010    
   38.6021118       1636.29565    
   38.6020927       1625.90271    
   38.6020775       1586.22449    
   38.6020622       1544.08740    
   38.6020470       1509.06311    
   38.6020279       1483.07727    
   38.6020126       1461.78772    
   38.6019974       1427.83984    
   38.6019783       1367.78308    
   38.6019630       1323.09473    
   38.6019440       1311.55139    
   38.6019287       1307.21155    
   38.6019096       1272.71252    
   38.6018944       1244.78088    
   38.6018753       1218.46252    
   38.6018600       1193.71045    
   38.6018410       1167.07837    
   38.6018219       1114.19495    
   38.6018066       1094.63599    
   38.6017876       1096.85962    
   38.6017685       1069.03381    
   38.6017494       1043.43616    
   38.6017303       1021.25659    
   38.6017151       1003.75116    
   38.6016960       960.905640    
   38.6016769       935.119141    
   38.6016579       941.703064    
   38.6016388       923.187012    
   38.6016197       903.435913    
   38.6016006       882.749207    
   38.6015816       852.118408    
   38.6015625       829.039001    
   38.6015396       824.525208    
   38.6015205       809.184265    
   38.6015015       792.733704    
   38.6014824       761.168213    
   38.6014633       734.081604    
   38.6014404       739.216614    
   38.6014214       730.233887    
   38.6014023       715.038818    
   38.6013794       682.213135    
   38.6013603       673.758911    
   38.6013374       668.943787    
   38.6013184       652.498901    
   38.6012955       624.246887    
   38.6012726       620.698120    
   38.6012535       614.344849    
   38.6012306       588.784912    
   38.6012077       576.531128    
   38.6011887       574.599609    
   38.6011658       553.069580    
   38.6011429       542.871399    
   38.6011200       536.442322    
   38.6010971       519.492310    
   38.6010742       515.952087    
   38.6010513       498.306610    
   38.6010284       489.765656    
   38.6010056       476.220276    
   38.6009827       469.602264    
   38.6009598       461.486328    
   38.6009369       451.606964    
   38.6009140       441.213470    
   38.6008911       433.584412    
   38.6008644       423.442993    
   38.6008415       416.348938    
   38.6008186       404.596619    
   38.6007919       395.661133    
   38.6007690       391.064514    
   38.6007423       381.950165    
   38.6007195       374.107452    
   38.6006927       367.796692    
   38.6006660       359.588898    
   38.6006432       350.208801    
   38.6006165       344.595215    
   38.6005898       337.847961    
   38.6005669       330.744446    
   38.6005402       324.902466    
   38.6005135       317.406738    
   38.6004868       309.399994    
   38.6004601       304.470215    
   38.6004333       297.720276    
   38.6004066       292.806976    
   38.6003799       286.163544    
   38.6003532       279.655365    
   38.6003227       274.478973    
   38.6002960       268.914185    
   38.6002693       263.582916    
   38.6002388       256.021881    
   38.6002121       252.269196    
   38.6001854       247.906815    
   38.6001549       241.177765    
   38.6001282       236.446945    
   38.6000977       232.371307    
   38.6000671       226.578369    
   38.6000404       222.430801    
   38.6000099       219.198364    
   38.5999794       213.876755    
   38.5999489       209.395523    
   38.5999184       204.897934    
   38.5998878       200.484146    
   38.5998573       196.847992    
   38.5998268       192.555893    
   38.5997963       189.136383    
   38.5997658       185.119553    
   38.5997353       181.602280    
   38.5997047       177.846268    
   38.5996704       173.961761    
   38.5996399       170.468414    
   38.5996094       167.335663    
   38.5995750       164.124008    
   38.5995445       160.971191    
   38.5995102       157.557526    
   38.5994759       154.457932    
   38.5994453       151.664474    
   38.5994110       148.330688    
   38.5993767       145.332565    
   38.5993423       142.611404    
   38.5993080       140.030106    
   38.5992737       137.019089    
   38.5992393       133.893600    
   38.5992050       131.050034    
   38.5991707       128.936356    
   38.5991364       126.635162    
   38.5990982       123.922798    
   38.5990639       121.500809    
   38.5990295       119.331696    
   38.5989914       116.903679    
   38.5989571       114.534355    
   38.5989189       112.184052    
   38.5988846       110.008301    
   38.5988464       107.866356    
   38.5988083       105.961792    
   38.5987701       103.799301    
   38.5987320       101.774925    
   38.5986938       99.8276062    
   38.5986557       97.9143906    
   38.5986176       96.0700302    
   38.5985794       94.0430374    
   38.5985413       92.2024155    
   38.5985031       90.7413712    
   38.5984612       88.8808746    
   38.5984230       87.2829132    
   38.5983810       85.5643539    
   38.5983429       84.0167084    
   38.5983009       82.2699585    
   38.5982590       80.8089371    
   38.5982208       79.3834152    
   38.5981789       77.7365570    
   38.5981369       76.2876816    
   38.5980949       74.8955383    
   38.5980530       73.3982468    
   38.5980110       72.0906219    
   38.5979652       70.7413330    
   38.5979233       69.4847488    
   38.5978813       68.1595993    
   38.5978355       66.6479797    
   38.5977936       65.5583496    
   38.5977478       64.4580917    
   38.5977058       63.3510704    
   38.5976601       62.0856438    
   38.5976143       60.9740448    
   38.5975685       59.9776001    
   38.5975227       58.8661346    
   38.5974770       57.6985245    
   38.5974312       56.7373505    
   38.5973854       55.7584953    
   38.5973396       54.7165222    
   38.5972939       53.7678566    
   38.5972443       52.7775269    
   38.5971985       51.8843307    
   38.5971489       51.0137177    
   38.5970993       50.0814781    
   38.5970535       49.2460670    
   38.5970039       48.3230209    
   38.5969543       47.3828087    
   38.5969048       46.6794891    
   38.5968552       45.9380951    
   38.5968056       45.1296539    
   38.5967522       44.3038216    
   38.5967026       43.5318069    
   38.5966530       42.7863884    
   38.5965996       42.0284729    
   38.5965462       41.3373222    
   38.5964966       40.7161102    
   38.5964432       40.0352859    
   38.5963898       39.3585396    
   38.5963364       38.6880341    
   38.5962830       38.0212364    
   38.5962296       37.3911247    
   38.5961761       36.8197746    
   38.5961189       36.1875839    
   38.5960655       35.6283989    
   38.5960121       35.0524254    
   38.5959549       34.4872627    
   38.5958977       33.8871002    
   38.5958405       33.3560982    
   38.5957870       32.8953323    
   38.5957298       32.3322563    
   38.5956688       31.7612648    
   38.5956116       31.2565594    
   38.5955544       30.7633533    
   38.5954971       30.3203888    
   38.5954361       29.8936672    
   38.5953789       29.4378395    
   38.5953178       28.9809494    
   38.5952568       28.5077744    
   38.5951958       28.0475845    
   38.5951347       27.6508541    
   38.5950737       27.2358952    
   38.5950127       26.8377991    
   38.5949516       26.4472618    
   38.5948868       26.0562115    
   38.5948257       25.6843529    
   38.5947609       25.3172054    
   38.5946960       24.9280624    
   38.5946312       24.5360661    
   38.5945663       24.1775780    
   38.5945015       23.8353634    
   38.5944366       23.5026455    
   38.5943718       23.2101593    
   38.5943069       22.8916245    
   38.5942383       22.5568943    
   38.5941696       22.2243671    
   38.5941048       21.9169846    
   38.5940361       21.6441460    
   38.5939674       21.3497562    
   38.5938988       21.0690956    
   38.5938301       20.7475567    
   38.5937576       20.4467468    
   38.5936890       20.2047825    
   38.5936165       19.9484253    
   38.5935478       19.7071800    
   38.5934753       19.4420433    
   38.5934029       19.1783180    
   38.5933304       18.9259033    
   38.5932579       18.6789532    
   38.5931816       18.4439774    
   38.5931091       18.2122784    
   38.5930328       17.9572144    
   38.5929604       17.7769260    
   38.5928841       17.5584354    
   38.5928078       17.3293114    
   38.5927315       17.1127892    
   38.5926552       16.9279213    
   38.5925751       16.7165642    
   38.5924988       16.5074806    
   38.5924187       16.2968750    
   38.5923424       16.1230717    
   38.5922623       15.9372530    
   38.5921822       15.7670860    
   38.5921021       15.5834093    
   38.5920181       15.4008722    
   38.5919380       15.2210617    
   38.5918541       15.0282526    
   38.5917740       14.8819284    
   38.5916901       14.7152538    
   38.5916061       14.5590839    
   38.5915222       14.4033051    
   38.5914345       14.2428007    
   38.5913506       14.0700388    
   38.5912666       13.9264135    
   38.5911789       13.7932005    
   38.5910912       13.6593294    
   38.5910034       13.5112667    
   38.5909157       13.3563948    
   38.5908279       13.2330914    
   38.5907364       13.1010418    
   38.5906487       12.9704399    
   38.5905571       12.8351612    
   38.5904655       12.6996202    
   38.5903740       12.5904799    
   38.5902824       12.4614868    
   38.5901871       12.3370428    
   38.5900955       12.2194557    
   38.5900002       12.1093130    
   38.5899048       11.9916677    
   38.5898094       11.8742514    
   38.5897141       11.7669144    
   38.5896187       11.6580162    
   38.5895195       11.5497789    
   38.5894241       11.4543447    
   38.5893250       11.3450804    
   38.5892258       11.2473612    
   38.5891266       11.1467028    
   38.5890236       11.0497732    
   38.5889244       10.9518223    
   38.5888214       10.8555050    
   38.5887184       10.7659683    
   38.5886154       10.6780672    
   38.5885124       10.5881386    
   38.5884094       10.4990473    
   38.5883026       10.4101477    
   38.5881958       10.3218060    
   38.5880890       10.2309513    
   38.5879822       10.1478300    
   38.5878754       10.0701351    
   38.5877647       9.98507690    
   38.5876579       9.90236664    
   38.5875473       9.82496071    
   38.5874367       9.75196552    
   38.5873260       9.68498993    
   38.5872116       9.61136723    
   38.5871010       9.54170132    
   38.5869865       9.46653652    
   38.5868721       9.39345455    
   38.5867577       9.32206249    
   38.5866394       9.24988651    
   38.5865250       9.18677330    
   38.5864067       9.11915207    
   38.5862885       9.05476189    
   38.5861702       8.98908520    
   38.5860481       8.92290306    
   38.5859299       8.86074734    
   38.5858078       8.79993725    
   38.5856857       8.73805141    
   38.5855637       8.67478752    
   38.5854416       8.61776447    
   38.5853157       8.56039047    
   38.5851898       8.50148296    
   38.5850639       8.44637871    
   38.5849380       8.38897610    
   38.5848083       8.33142757    
   38.5846825       8.27856922    
   38.5845528       8.22326660    
   38.5844231       8.16816235    
   38.5842896       8.11663914    
   38.5841599       8.06533909    
   38.5840263       8.01448822    
   38.5838928       7.96379137    
   38.5837555       7.91170025    
   38.5836220       7.86038780    
   38.5834846       7.80874157    
   38.5833473       7.76251459    
   38.5832100       7.71624517    
   38.5830727       7.66963482    
   38.5829315       7.62198639    
   38.5827904       7.57389641    
   38.5826492       7.52577972    
   38.5825081       7.48280859    
   38.5823631       7.43824816    
   38.5822182       7.39399195    
   38.5820732       7.34930754    
   38.5819283       7.30474138    
   38.5817795       7.26091671    
   38.5816307       7.21576643    
   38.5814819       7.17418242    
   38.5813332       7.12991238    
   38.5811806       7.08625841    
   38.5810280       7.04321480    
   38.5808754       7.00365114    
   38.5807228       6.96546030    
   38.5805664       6.92919874    
   38.5804100       6.88914680    
   38.5802536       6.84701252    
   38.5800934       6.80626440    
   38.5799370       6.76890373    
   38.5797768       6.72905970    
   38.5796127       6.69038677    
   38.5794525       6.65089607    
   38.5792885       6.61299610    
   38.5791245       6.57476377    
   38.5789604       6.53636169    
   38.5787926       6.49741459    
   38.5786247       6.46140003    
   38.5784569       6.42404604    
   38.5782852       6.38611078    
   38.5781136       6.34883404    
   38.5779419       6.31275845    
   38.5777702       6.27735806    
   38.5775948       6.24058819    
   38.5774193       6.20515680    
   38.5772438       6.16975451    
   38.5770645       6.13458681    
   38.5768852       6.09909391    
   38.5767059       6.06401014    
   38.5765266       6.02923107    
   38.5763435       5.99516726    
   38.5761604       5.96117783    
   38.5759735       5.92666292    
   38.5757904       5.89298964    
   38.5756035       5.85717678    
   38.5754128       5.82078791    
   38.5752220       5.78445005    
   38.5750313       5.75352097    
   38.5748405       5.72341156    
   38.5746460       5.69338846    
   38.5744514       5.66178274    
   38.5742569       5.62987947    
   38.5740585       5.59745693    
   38.5738602       5.56622553    
   38.5736618       5.53465128    
   38.5734596       5.50252533    
   38.5732574       5.47132492    
   38.5730553       5.44007301    
   38.5728493       5.40838480    
   38.5726433       5.37779284    
   38.5724373       5.34789944    
   38.5722275       5.31737804    
   38.5720177       5.28807640    
   38.5718040       5.25908089    
   38.5715904       5.22923613    
   38.5713768       5.19969606    
   38.5711632       5.17042160    
   38.5709457       5.14126015    
   38.5707245       5.11206436    
   38.5705070       5.08311272    
   38.5702858       5.05187082    
   38.5700607       5.02108288    
   38.5698357       4.99548769    
   38.5696106       4.97012997    
   38.5693817       4.94282150    
   38.5691528       4.91510630    
   38.5689240       4.88722897    
   38.5686913       4.85940981    
   38.5684586       4.83240557    
   38.5682259       4.80611181    
   38.5679893       4.77954149    
   38.5677490       4.75230646    
   38.5675087       4.72512960    
   38.5672684       4.69925976    
   38.5670280       4.67352009    
   38.5667839       4.64747143    
   38.5665359       4.62148619    
   38.5662880       4.59560442    
   38.5660400       4.57016468    
   38.5657921       4.54282570    
   38.5655365       4.51407194    
   38.5652847       4.49162102    
   38.5650291       4.46941137    
   38.5647697       4.44427252    
   38.5645142       4.42002010    
   38.5642509       4.39540148    
   38.5639915       4.37103462    
   38.5637245       4.34640360    
   38.5634613       4.32287121    
   38.5631943       4.29884863    
   38.5629234       4.27454853    
   38.5626526       4.25062943    
   38.5623817       4.22716856    
   38.5621071       4.20422554    
   38.5618286       4.17998600    
   38.5615540       4.15476656    
   38.5612717       4.13227606    
   38.5609894       4.11097431    
   38.5607071       4.08817387    
   38.5604210       4.06562996    
   38.5601349       4.04388952    
   38.5598450       4.02193785    
   38.5595551       4.00014830    
   38.5592613       3.97810316    
   38.5589676       3.95618010    
   38.5586700       3.93406630    
   38.5583725       3.91282773    
   38.5580711       3.88895702    
   38.5577698       3.86708260    
   38.5574646       3.84810615    
   38.5571594       3.82753801    
   38.5568504       3.80642629    
   38.5565414       3.78565764    
   38.5562286       3.76488137    
   38.5559158       3.74461389    
   38.5555992       3.72411656    
   38.5552788       3.70359707    
   38.5549583       3.68164992    
   38.5546379       3.66113162    
   38.5543137       3.64295506    
   38.5539856       3.62321758    
   38.5536575       3.60348964    
   38.5533257       3.58349800    
   38.5529938       3.56374526    
   38.5526581       3.54460430    
   38.5523186       3.52488708    
   38.5519791       3.50376940    
   38.5516357       3.48590875    
   38.5512924       3.46766543    
   38.5509453       3.44890213    
   38.5505981       3.43023539    
   38.5502472       3.41101027    
   38.5498924       3.39153576    
   38.5495377       3.37193584    
   38.5491791       3.35469389    
   38.5488205       3.33780622    
   38.5484581       3.31989837    
   38.5480919       3.30174780    
   38.5477257       3.28382373    
   38.5473557       3.26473022    
   38.5469856       3.24784541    
   38.5466080       3.23063636    
   38.5462341       3.21330786    
   38.5458527       3.19571972    
   38.5454712       3.17699313    
   38.5450859       3.16026783    
   38.5447006       3.14411664    
   38.5443115       3.12715292    
   38.5439186       3.10980034    
   38.5435257       3.09255457    
   38.5431290       3.07663298    
   38.5427284       3.05987120    
   38.5423279       3.04263282    
   38.5419197       3.02623320    
   38.5415154       3.01068139    
   38.5411034       2.99403048    
   38.5406914       2.97690272    
   38.5402756       2.96110415    
   38.5398560       2.94522214    
   38.5394363       2.92951274    
   38.5390129       2.91418839    
   38.5385857       2.89787102    
   38.5381584       2.88274598    
   38.5377274       2.86715508    
   38.5372925       2.85189986    
   38.5368538       2.83631992    
   38.5364151       2.82137012    
   38.5359726       2.80598927    
   38.5355263       2.79090738    
   38.5350761       2.77579522    
   38.5346222       2.76077390    
   38.5341682       2.74606657    
   38.5337105       2.73129988    
   38.5332489       2.71655512    
   38.5327873       2.70202231    
   38.5323219       2.68722749    
   38.5318489       2.67234230    
   38.5313759       2.65848684    
   38.5309029       2.64464235    
   38.5304222       2.63046813    
   38.5299416       2.61638021    
   38.5294533       2.60231209    
   38.5289650       2.58841038    
   38.5284767       2.57458735    
   38.5279808       2.56078577    
   38.5274811       2.54699874    
   38.5269814       2.53337669    
   38.5264778       2.51987696    
   38.5259705       2.50633025    
   38.5254593       2.49292016    
   38.5249443       2.47917604    
   38.5244255       2.46556115    
   38.5239029       2.45287943    
   38.5233803       2.44002748    
   38.5228500       2.42683244    
   38.5223198       2.41392446    
   38.5217857       2.40113378    
   38.5212479       2.38835907    
   38.5207062       2.37558746    
   38.5201607       2.36288548    
   38.5196114       2.35027909    
   38.5190582       2.33781576    
   38.5185013       2.32511497    
   38.5179443       2.31232285    
   38.5173798       2.30030441    
   38.5168152       2.28835583    
   38.5162430       2.27609229    
   38.5156670       2.26396418    
   38.5150909       2.25199008    
   38.5145073       2.23994946    
   38.5139236       2.22805071    
   38.5133324       2.21611834    
   38.5127411       2.20423603    
   38.5121422       2.19211674    
   38.5115433       2.18086529    
   38.5109367       2.16945815    
   38.5103302       2.15790391    
   38.5097160       2.14645767    
   38.5090981       2.13505673    
   38.5084801       2.12377763    
   38.5078545       2.11249113    
   38.5072250       2.10093665    
   38.5065918       2.08982086    
   38.5059547       2.07899046    
   38.5053139       2.06785536    
   38.5046692       2.05696750    
   38.5040169       2.04611516    
   38.5033646       2.03527546    
   38.5027084       2.02420783    
   38.5020447       2.01347303    
   38.5013771       2.00307178    
   38.5007057       1.99239075    
   38.5000305       1.98183143    
   38.4993515       1.97139025    
   38.4986687       1.96078277    
   38.4979782       1.95035207    
   38.4972878       1.94018173    
   38.4965897       1.92987967    
   38.4958878       1.91977203    
   38.4951782       1.90947068    
   38.4944687       1.89939332    
   38.4937515       1.88949692    
   38.4930305       1.87947464    
   38.4923058       1.86952031    
   38.4915771       1.85952115    
   38.4908409       1.84987569    
   38.4901009       1.84009564    
   38.4893570       1.83031678    
   38.4886093       1.82068515    
   38.4878540       1.81119668    
   38.4870949       1.80154467    
   38.4863319       1.79197633    
   38.4855652       1.78270459    
   38.4847908       1.77323544    
   38.4840126       1.76382971    
   38.4832268       1.75462615    
   38.4824371       1.74528122    
   38.4816437       1.73616552    
   38.4808464       1.72699678    
   38.4800415       1.71789479    
   38.4792328       1.70886660    
   38.4784164       1.69989288    
   38.4775963       1.69088399    
   38.4767685       1.68193924    
   38.4759407       1.67313027    
   38.4751015       1.66428781    
   38.4742622       1.65558243    
   38.4734154       1.64692914    
   38.4725609       1.63828123    
   38.4717026       1.62967324    
   38.4708405       1.62116921    
   38.4699707       1.61264896    
   38.4690933       1.60416710    
   38.4682121       1.59574246    
   38.4673271       1.58734572    
   38.4664345       1.57901263    
   38.4655380       1.57076108    
   38.4646339       1.56250632    
   38.4637222       1.55429649    
   38.4628067       1.54617596    
   38.4618835       1.53808033    
   38.4609566       1.53001249    
   38.4600220       1.52195406    
   38.4590836       1.51398957    
   38.4581375       1.50606918    
   38.4571838       1.49816918    
   38.4562263       1.49033058    
   38.4552612       1.48251009    
   38.4542923       1.47475791    
   38.4533157       1.46705890    
   38.4523315       1.45936489    
   38.4513435       1.45172584    
   38.4503441       1.44411206    
   38.4493446       1.43656945    
   38.4483337       1.42903745    
   38.4473190       1.42155159    
   38.4462967       1.41411555    
   38.4452667       1.40671122    
   38.4442291       1.39935172    
   38.4431877       1.39206183    
   38.4421387       1.38480306    
   38.4410820       1.37756276    
   38.4400177       1.37035060    
   38.4389496       1.36319113    
   38.4378738       1.35606658    
   38.4367905       1.34897745    
   38.4356995       1.34190953    
   38.4346008       1.33486927    
   38.4334946       1.32789803    
   38.4323845       1.32101536    
   38.4312630       1.31413591    
   38.4301376       1.30728662    
   38.4290009       1.30043149    
   38.4278603       1.29364860    
   38.4267120       1.28690493    
   38.4255562       1.28019476    
   38.4243927       1.27351582    
   38.4232216       1.26686060    
   38.4220428       1.26025534    
   38.4208527       1.25366855    
   38.4196587       1.24713314    
   38.4184570       1.24064004    
   38.4172478       1.23418725    
   38.4160309       1.22775602    
   38.4148026       1.22134101    
   38.4135704       1.21498120    
   38.4123268       1.20864451    
   38.4110794       1.20236361    
   38.4098206       1.19608855    
   38.4085541       1.18985343    
   38.4072800       1.18365300    
   38.4059982       1.17749667    
   38.4047050       1.17136788    
   38.4034081       1.16528809    
   38.4020996       1.15922332    
   38.4007835       1.15319109    
   38.3994560       1.14716816    
   38.3981247       1.14118183    
   38.3967819       1.13524449    
   38.3954315       1.12936223    
   38.3940697       1.12348449    
   38.3927002       1.11762726    
   38.3913231       1.11180973    
   38.3899384       1.10603070    
   38.3885422       1.10028017    
   38.3871384       1.09456754    
   38.3857231       1.08887029    
   38.3843002       1.08321810    
   38.3828697       1.07760072    
   38.3814278       1.07199693    
   38.3799782       1.06641841    
   38.3785172       1.06086862    
   38.3770485       1.05536342    
   38.3755684       1.04987991    
   38.3740768       1.04441309    
   38.3725815       1.03899050    
   38.3710709       1.03358436    
   38.3695526       1.02820814    
   38.3680267       1.02285922    
   38.3664894       1.01753902    
   38.3649406       1.01225865    
   38.3633804       1.00701869    
   38.3618126       1.00179684    
   38.3602333      0.996584952    
   38.3586464      0.991414547    
   38.3570480      0.986261487    
   38.3554382      0.981131792    
   38.3538170      0.976031363    
   38.3521881      0.970967650    
   38.3505478      0.965929270    
   38.3488960      0.960910261    
   38.3472328      0.955912590    
   38.3455620      0.950959682    
   38.3438759      0.946014345    
   38.3421822      0.941098452    
   38.3404770      0.936206996    
   38.3387604      0.931326389    
   38.3370285      0.926461399    
   38.3352890      0.921674788    
   38.3335419      0.916922271    
   38.3317795      0.912174046    
   38.3300056      0.907451928    
   38.3282204      0.902751088    
   38.3264236      0.898061097    
   38.3246155      0.893393397    
   38.3227921      0.888743758    
   38.3209610      0.884139299    
   38.3191185      0.879560471    
   38.3172607      0.874998331    
   38.3153954      0.870466173    
   38.3135147      0.865937531    
   38.3116226      0.861428082    
   38.3097153      0.856963336    
   38.3078003      0.852533221    
   38.3058701      0.848110437    
   38.3039284      0.843711793    
   38.3019753      0.839334965    
   38.3000069      0.834975123    
   38.2980270      0.830647171    
   38.2960320      0.826318562    
   38.2940254      0.822012782    
   38.2920074      0.817750871    
   38.2899742      0.813496947    
   38.2879295      0.809290886    
   38.2858734      0.805109620    
   38.2837982      0.800928652    
   38.2817154      0.796772659    
   38.2796135      0.792634845    
   38.2775040      0.788532555    
   38.2753754      0.784439564    
   38.2732353      0.780368626    
   38.2710800      0.776304722    
   38.2689133      0.772269547    
   38.2667313      0.768266261    
   38.2645340      0.764274538    
   38.2623253      0.760310292    
   38.2600975      0.756364644    
   38.2578583      0.752438664    
   38.2556038      0.748530686    
   38.2533340      0.744635701    
   38.2510529      0.740773320    
   38.2487526      0.736919463    
   38.2464409      0.733095407    
   38.2441139      0.729290903    
   38.2417679      0.725498557    
   38.2394104      0.721735001    
   38.2370377      0.717986882    
   38.2346458      0.714261949    
   38.2322426      0.710554421    
   38.2298203      0.706859469    
   38.2273827      0.703182340    
   38.2249298      0.699526906    
   38.2224617      0.695892692    
   38.2199783      0.692281246    
   38.2174797      0.688677013    
   38.2149620      0.685084701    
   38.2124290      0.681500614    
   38.2098808      0.677957237    
   38.2073135      0.674444914    
   38.2047310      0.670947552    
   38.2021294      0.667461038    
   38.1995125      0.663985550    
   38.1968803      0.660529077    
   38.1942291      0.657089770    
   38.1915627      0.653678894    
   38.1888771      0.650289357    
   38.1861763      0.646909118    
   38.1834526      0.643533170    
   38.1807175      0.640184999    
   38.1779594      0.636848867    
   38.1751862      0.633534133    
   38.1723938      0.630233824    
   38.1695862      0.626947999    
   38.1667557      0.623682380    
   38.1639099      0.620431185    
   38.1610451      0.617202759    
   38.1581612      0.613987565    
   38.1552582      0.610782266    
   38.1523399      0.607602596    
   38.1493988      0.604439259    
   38.1464386      0.601290524    
   38.1434593      0.598149776    
   38.1404610      0.595024228    
   38.1374435      0.591916919    
   38.1344070      0.588837683    
   38.1313515      0.585768044    
   38.1282768      0.582710385    
   38.1251793      0.579661846    
   38.1220627      0.576636493    
   38.1189232      0.573623657    
   38.1157684      0.570630729    
   38.1125908      0.567652285    
   38.1093903      0.564679980    
   38.1061707      0.561723888    
   38.1029320      0.558778822    
   38.0996704      0.555859089    
   38.0963860      0.552959919    
   38.0930824      0.550075412    
   38.0897560      0.547195256    
   38.0864105      0.544322908    
   38.0830421      0.541479468    
   38.0796509      0.538654506    
   38.0762367      0.535832167    
   38.0728035      0.533023179    
   38.0693436      0.530230403    
   38.0658646      0.527456284    
   38.0623627      0.524693668    
   38.0588379      0.521940649    
   38.0552902      0.519200623    
   38.0517197      0.516480863    
   38.0481224      0.513768911    
   38.0445061      0.511071205    
   38.0408669      0.508390844    
   38.0372009      0.505724013    
   38.0335121      0.503067732    
   38.0298004      0.500428438    
   38.0260620      0.497797936    
   38.0223007      0.495189339    
   38.0185165      0.492590189    
   38.0147057      0.489998341    
   38.0108681      0.487411052    
   38.0070114      0.484844089    
   38.0031242      0.482284904    
   37.9992142      0.479754090    
   37.9952774      0.477240145    
   37.9913177      0.474728644    
   37.9873314      0.472227722    
   37.9833183      0.469739825    
   37.9792786      0.467263252    
   37.9752121      0.464797884    
   37.9711227      0.462349087    
   37.9670029      0.459908158    
   37.9628563      0.457475692    
   37.9586868      0.455062658    
   37.9544868      0.452665657    
   37.9502602      0.450275600    
   37.9460068      0.447895050    
   37.9417229      0.445526123    
   37.9374161      0.443172693    
   37.9330788      0.440825880    
   37.9287109      0.438492686    
   37.9243164      0.436167866    
   37.9198952      0.433852166    
   37.9154434      0.431556225    
   37.9109612      0.429276168    
   37.9064522      0.427002549    
   37.9019127      0.424737155    
   37.8973465      0.422485948    
   37.8927498      0.420244008    
   37.8881187      0.418010950    
   37.8834610      0.415792078    
   37.8787727      0.413583577    
   37.8740540      0.411385626    
   37.8693047      0.409198672    
   37.8645248      0.407022178    
   37.8597145      0.404859304    
   37.8548698      0.402706325    
   37.8499985      0.400560975    
   37.8450928      0.398419082    
   37.8401527      0.396295249    
   37.8351822      0.394189984    
   37.8301811      0.392090768    
   37.8251457      0.389997900    
   37.8200798      0.387916535    
   37.8149796      0.385846883    
   37.8098450      0.383785516    
   37.8046799      0.381733954    
   37.7994766      0.379692137    
   37.7942429      0.377661288    
   37.7889748      0.375639796    
   37.7836723      0.373624057    
   37.7783356      0.371613801    
   37.7729645      0.369626224    
   37.7675591      0.367653191    
   37.7621155      0.365680128    
   37.7566376      0.363716811    
   37.7511253      0.361763239    
   37.7455750      0.359819978    
   37.7399902      0.357886404    
   37.7343712      0.355962098    
   37.7287140      0.354047388    
   37.7230186      0.352137744    
   37.7172890      0.350235105    
   37.7115173      0.348350823    
   37.7057114      0.346472502    
   37.6998672      0.344605684    
   37.6939850      0.342749029    
   37.6880646      0.340899348    
   37.6821098      0.339058369    
   37.6761093      0.337224066    
   37.6700745      0.335394949    
   37.6639977      0.333575457    
   37.6578827      0.331773698    
   37.6517296      0.329976320    
   37.6455345      0.328187913    
   37.6392975      0.326406807    
   37.6330223      0.324638695    
   37.6267052      0.322877079    
   37.6203499      0.321119279    
   37.6139488      0.319376171    
   37.6075096      0.317641050    
   37.6010284      0.315913141    
   37.5945015      0.314192146    
   37.5879364      0.312480092    
   37.5813255      0.310770035    
   37.5746727      0.309076846    
   37.5679779      0.307393730    
   37.5612373      0.305713773    
   37.5544548      0.304040730    
   37.5476265      0.302373618    
   37.5407562      0.300719470    
   37.5338402      0.299076051    
   37.5268784      0.297436297    
   37.5198708      0.295806319    
   37.5128212      0.294180155    
   37.5057220      0.292566478    
   37.4985771      0.290959597    
   37.4913864      0.289359570    
   37.4841499      0.287763566    
   37.4768639      0.286182284    
   37.4695320      0.284606367    
   37.4621544      0.283035666    
   37.4547272      0.281474024    
   37.4472504      0.279919952    
   37.4397278      0.278371125    
   37.4321518      0.276832938    
   37.4245300      0.275301576    
   37.4168587      0.273775518    
   37.4091377      0.272257268    
   37.4013672      0.270746589    
   37.3935432      0.269246042    
   37.3856697      0.267749250    
   37.3777428      0.266260445    
   37.3697662      0.264779836    
   37.3617401      0.263306797    
   37.3536606      0.261839360    
   37.3455276      0.260378122    
   37.3373413      0.258924723    
   37.3291016      0.257476479    
   37.3208084      0.256035060    
   37.3124657      0.254602194    
   37.3040619      0.253176898    
   37.2956085      0.251760066    
   37.2870979      0.250349015    
   37.2785339      0.248945311    
   37.2699127      0.247548580    
   37.2612343      0.246157020    
   37.2524986      0.244771391    
   37.2437096      0.243392751    
   37.2348633      0.242020667    
   37.2259560      0.240654737    
   37.2169952      0.239296272    
   37.2079735      0.237943709    
   37.1988945      0.236597851    
   37.1897545      0.235257849    
   37.1805573      0.233923003    
   37.1712990      0.232596219    
   37.1619797      0.231276900    
   37.1525993      0.229962096    
   37.1431580      0.228653625    
   37.1336594      0.227352425    
   37.1240959      0.226056665    
   37.1144714      0.224766716    
   37.1047821      0.223482385    
   37.0950317      0.222204626    
   37.0852165      0.220932260    
   37.0753403      0.219667867    
   37.0653992      0.218409911    
   37.0553894      0.217156351    
   37.0453186      0.215909168    
   37.0351830      0.214667335    
   37.0249786      0.213429525    
   37.0147095      0.212197661    
   37.0043716      0.210973948    
   36.9939690      0.209757656    
   36.9834976      0.208547428    
   36.9729576      0.207340807    
   36.9623489      0.206139639    
   36.9516716      0.204944104    
   36.9409256      0.203754589    
   36.9301109      0.202570021    
   36.9192238      0.201390967    
   36.9082680      0.200219065    
   36.8972397      0.199051887    
   36.8861389      0.197889954    
   36.8749657      0.196733281    
   36.8637199      0.195581526    
   36.8524017      0.194435865    
   36.8410110      0.193295747    
   36.8295441      0.192160353    
   36.8180046      0.191031083    
   36.8063927      0.189907357    
   36.7947006      0.188789055    
   36.7829323      0.187675819    
   36.7710876      0.186565980    
   36.7591705      0.185461193    
   36.7471733      0.184363529    
   36.7350960      0.183272734    
   36.7229424      0.182186127    
   36.7107086      0.181103364    
   36.6983948      0.180026099    
   36.6860046      0.178954110    
   36.6735306      0.177886531    
   36.6609726      0.176823869    
   36.6483383      0.175767034    
   36.6356201      0.174714148    
   36.6228180      0.173666447    
   36.6099358      0.172623754    
   36.5969658      0.171585709    
   36.5839157      0.170553505    
   36.5707779      0.169525698    
   36.5575562      0.168502733    
   36.5442467      0.167482898    
   36.5308495      0.166467398    
   36.5173683      0.165459409    
   36.5037994      0.164456695    
   36.4901428      0.163457304    
   36.4763947      0.162462711    
   36.4625587      0.161472857    
   36.4486313      0.160487130    
   36.4346123      0.159505978    
   36.4205093      0.158529863    
   36.4063072      0.157557145    
   36.3920135      0.156589493    
   36.3776321      0.155626953    
   36.3631516      0.154669151    
   36.3485794      0.153714895    
   36.3339119      0.152764052    
   36.3191490      0.151819885    
   36.3042908      0.150880873    
   36.2893372      0.149944961    
   36.2742844      0.149013221    
   36.2591324      0.148085669    
   36.2438850      0.147162393    
   36.2285385      0.146243170    
   36.2130890      0.145328745    
   36.1975403      0.144418404    
   36.1818924      0.143512309    
   36.1661415      0.142609239    
   36.1502876      0.141711488    
   36.1343307      0.140819356    
   36.1182709      0.139930323    
   36.1021080      0.139045194    
   36.0858383      0.138163581    
   36.0694618      0.137286603    
   36.0529785      0.136413902    
   36.0363884      0.135544807    
   36.0196953      0.134679228    
   36.0028877      0.133817121    
   35.9859734      0.132961720    
   35.9689484      0.132109746    
   35.9518127      0.131260619    
   35.9345665      0.130415797    
   35.9172096      0.129575148    
   35.8997383      0.128738120    
   35.8821526      0.127904221    
   35.8644524      0.127074242    
   35.8466377      0.126249522    
   35.8287048      0.125427529    
   35.8106613      0.124609910    
   35.7924957      0.123795927    
   35.7742119      0.122985572    
   35.7558136      0.122178264    
   35.7372894      0.121375762    
   35.7186470      0.120576873    
   35.6998863      0.119781420    
   35.6809998      0.118989266    
   35.6619949      0.118201263    
   35.6428642      0.117416911    
   35.6236076      0.116636783    
   35.6042252      0.115859769    
   35.5847206      0.115086019    
   35.5650864      0.114315256    
   35.5453262      0.113548972    
   35.5254364      0.112786710    
   35.5054169      0.112027422    
   35.4852676      0.111271046    
   35.4649887      0.110518865    
   35.4445763      0.109770387    
   35.4240341      0.109024838    
   35.4033546      0.108282171    
   35.3825417      0.107543930    
   35.3615913      0.106808975    
   35.3405113      0.106077395    
   35.3192902      0.105349548    
   35.2979279      0.104624346    
   35.2764320      0.103902698    
   35.2547913      0.103184380    
   35.2330170      0.102469392    
   35.2110977      0.101758026    
   35.1890335      0.101049781    
   35.1668282      0.100344576    
   35.1444778       9.96424928E-02
   35.1219826       9.89442021E-02
   35.0993423       9.82491076E-02
   35.0765495       9.75569785E-02
   35.0536118       9.68682095E-02
   35.0305252       9.61824358E-02
   35.0072937       9.54998955E-02
   34.9839020       9.48205367E-02
   34.9603653       9.41443667E-02
   34.9366722       9.34710205E-02
   34.9128227       9.28011462E-02
   34.8888245       9.21345353E-02
   34.8646660       9.14705694E-02
   34.8403511       9.08098966E-02
   34.8158760       9.01523978E-02
   34.7912445       8.94980282E-02
   34.7664566       8.88465419E-02
   34.7415009       8.81974623E-02
   34.7163849       8.75521526E-02
   34.6911049       8.69098082E-02
   34.6656609       8.62702429E-02
   34.6400566       8.56335834E-02
   34.6142807       8.49999413E-02
   34.5883369       8.43690261E-02
   34.5622253       8.37412179E-02
   34.5359421       8.31164867E-02
   34.5094910       8.24945718E-02
   34.4828682       8.18756744E-02
   34.4560699       8.12593549E-02
   34.4291000       8.06458145E-02
   34.4019547       8.00353810E-02
   34.3746300       7.94276074E-02
   34.3471298       7.88228884E-02
   34.3194504       7.82210305E-02
   34.2915916       7.76216686E-02
   34.2635498       7.70252198E-02
   34.2353249       7.64316469E-02
   34.2069244       7.58409500E-02
   34.1783295       7.52527192E-02
   34.1495552       7.46674314E-02
   34.1205902       7.40847960E-02
   34.0914345       7.35046640E-02
   34.0620956       7.29274824E-02
   34.0325623       7.23529384E-02
   34.0028381       7.17810020E-02
   33.9729195       7.12119192E-02
   33.9428062       7.06453994E-02
   33.9125023       7.00817034E-02
   33.8819962       6.95204586E-02
   33.8512917       6.89616054E-02
   33.8203888       6.84057027E-02
   33.7892838       6.78524226E-02
   33.7579803       6.73016980E-02
   33.7264709       6.67533502E-02
   33.6947556       6.62077144E-02
   33.6628304       6.56644925E-02
   33.6307030       6.51239678E-02
   33.5983696       6.45862296E-02
   33.5658188       6.40506372E-02
   33.5330620       6.35178462E-02
   33.5000877       6.29873872E-02
   33.4668999       6.24594316E-02
   33.4335022       6.19341098E-02
   33.3998833       6.14111982E-02
   33.3660431       6.08905293E-02
   33.3319855       6.03725389E-02
   33.2977028       5.98572232E-02
   33.2632065       5.93442246E-02
   33.2284775       5.88333607E-02
   33.1935234       5.83250672E-02
   33.1583443       5.78192733E-02
   33.1229362       5.73158413E-02
   33.0872955       5.68147711E-02
   33.0514297       5.63162528E-02
   33.0153236       5.58198728E-02
   32.9789848       5.53260781E-02
   32.9424095       5.48345931E-02
   32.9055977       5.43453433E-02
   32.8685493       5.38586415E-02
   32.8312569       5.33741191E-02
   32.7937202       5.28916791E-02
   32.7559395       5.24118282E-02
   32.7179184       5.19345514E-02
   32.6796494       5.14593534E-02
   32.6411285       5.09862974E-02
   32.6023560       5.05156331E-02
   32.5633316       5.00472561E-02
   32.5240555       4.95811477E-02
   32.4845238       4.91171964E-02
   32.4447365       4.86558154E-02
   32.4046860       4.81962822E-02
   32.3643761       4.77391817E-02
   32.3238068       4.72844318E-02
   32.2829742       4.68316786E-02
   32.2418747       4.63812277E-02
   32.2005081       4.59331833E-02
   32.1588707       4.54869829E-02
   32.1169662       4.50430512E-02
   32.0747910       4.46015373E-02
   32.0323372       4.41621840E-02
   31.9896069       4.37248088E-02
   31.9465981       4.32897806E-02
   31.9033108       4.28566970E-02
   31.8597488       4.24260460E-02
   31.8158951       4.19974364E-02
   31.7717590       4.15708758E-02
   31.7273350       4.11466509E-02
   31.6826210       4.07242402E-02
   31.6376228       4.03042100E-02
   31.5923271       3.98863815E-02
   31.5467358       3.94704118E-02
   31.5008488       3.90566513E-02
   31.4546642       3.86451073E-02
   31.4081841       3.82356569E-02
   31.3613968       3.78283150E-02
   31.3143044       3.74229252E-02
   31.2669067       3.70197445E-02
   31.2192001       3.66185009E-02
   31.1711826       3.62195484E-02
   31.1228600       3.58225033E-02
   31.0742168       3.54276560E-02
   31.0252571       3.50348800E-02
   30.9759808       3.46439853E-02
   30.9263821       3.42553407E-02
   30.8764687       3.38687934E-02
   30.8262234       3.34840640E-02
   30.7756500       3.31015065E-02
   30.7247505       3.27211209E-02
   30.6735191       3.23425904E-02
   30.6219616       3.19662653E-02
   30.5700626       3.15918736E-02
   30.5178261       3.12196277E-02
   30.4652481       3.08492519E-02
   30.4123306       3.04811373E-02
   30.3590736       3.01148426E-02
   30.3054657       2.97506899E-02
   30.2515068       2.93886475E-02
   30.1972008       2.90284455E-02
   30.1425400       2.86703669E-02
   30.0875282       2.83144340E-02
   30.0321541       2.79605091E-02
   29.9764214       2.76084114E-02
   29.9203243       2.72584986E-02
   29.8638611       2.69104894E-02
   29.8070412       2.65647825E-02
   29.7498436       2.62208227E-02
   29.6922722       2.58791111E-02
   29.6343307       2.55393162E-02
   29.5760078       2.52014901E-02
   29.5173149       2.48659756E-02
   29.4582348       2.45322939E-02
   29.3987694       2.42006350E-02
   29.3389168       2.38711201E-02
   29.2786751       2.35436074E-02
   29.2180481       2.32182015E-02
   29.1570225       2.28946786E-02
   29.0955982       2.25734245E-02
   29.0337753       2.22540032E-02
   28.9715500       2.19369996E-02
   28.9089279       2.16218065E-02
   28.8458900       2.13088673E-02
   28.7824440       2.09978241E-02
   28.7185841       2.06889417E-02
   28.6543083       2.03822367E-02
   28.5896168       2.00775210E-02
   28.5245113       1.97748989E-02
   28.4589767       1.94744784E-02
   28.3930130       1.91762038E-02
   28.3266220       1.88800581E-02
   28.2598000       1.85859241E-02
   28.1925507       1.82941444E-02
   28.1248550       1.80042405E-02
   28.0567207       1.77168343E-02
   27.9881439       1.74313094E-02
   27.9191189       1.71480794E-02
   27.8496552       1.68671645E-02
   27.7797318       1.65882576E-02
   27.7093544       1.63115952E-02
   27.6385174       1.60372704E-02
   27.5672207       1.57651342E-02
   27.4954681       1.54952109E-02
   27.4232426       1.52275125E-02
   27.3505459       1.49621004E-02
   27.2773781       1.46990223E-02
   27.2037315       1.44381113E-02
   27.1296177       1.41796712E-02
   27.0550117       1.39234373E-02
   26.9799232       1.36695644E-02
   26.9043427       1.34180058E-02
   26.8282738       1.31687671E-02
   26.7517185       1.29219359E-02
   26.6746559       1.26775419E-02
   26.5970936       1.24355033E-02
   26.5190258       1.21958358E-02
   26.4404507       1.19585954E-02
   26.3613739       1.17238127E-02
   26.2817726       1.14914887E-02
   26.2016563       1.12614864E-02
   26.1210175       1.10341599E-02
   26.0398560       1.08092269E-02
   25.9581738       1.05867181E-02
   25.8759537       1.03668170E-02
   25.7931976       1.01494296E-02
   25.7099037       9.93454736E-03
   25.6260662       9.72221978E-03
   25.5416965       9.51249711E-03
   25.4567661       9.30527225E-03
   25.3712864       9.10069328E-03
   25.2852478       8.89865309E-03
   25.1986523       8.69925506E-03
   25.1114922       8.50243494E-03
   25.0237770       8.30830075E-03
   24.9354801       8.11671745E-03
   24.8466091       7.92779215E-03
   24.7571602       7.74152018E-03
   24.6671295       7.55788712E-03
   24.5765266       7.37694511E-03
   24.4853230       7.19863502E-03
   24.3935242       7.02292053E-03
   24.3011303       6.84993062E-03
   24.2081375       6.67962478E-03
   24.1145477       6.51188521E-03
   24.0203400       6.34689350E-03
   23.9255180       6.18456816E-03
   23.8300819       6.02484262E-03
   23.7340240       5.86780719E-03
   23.6373539       5.71342325E-03
   23.5400429       5.56168007E-03
   23.4421005       5.41261863E-03
   23.3435211       5.26613556E-03
   23.2443008       5.12235472E-03
   23.1444454       4.98114666E-03
   23.0439301       4.84255375E-03
   22.9427605       4.70655831E-03
   22.8409348       4.57319478E-03
   22.7384472       4.44238074E-03
   22.6353035       4.31413529E-03
   22.5314789       4.18842211E-03
   22.4269791       4.06523235E-03
   22.3217983       3.94458883E-03
   22.2159367       3.82638653E-03
   22.1093960       3.71067342E-03
   22.0021515       3.59745277E-03
   21.8942108       3.48658510E-03
   21.7855663       3.37817823E-03
   21.6762161       3.27217369E-03
   21.5661678       3.16853286E-03
   21.4553928       3.06724547E-03
   21.3438950       2.96825892E-03
   21.2316742       2.87161348E-03
   21.1187229       2.77719297E-03
   21.0050507       2.68505956E-03
   20.8906250       2.59516109E-03
   20.7754574       2.50740023E-03
   20.6595402       2.42183660E-03
   20.5428696       2.33841501E-03
   20.4254398       2.25710589E-03
   20.3072605       2.17787828E-03
   20.1882992       2.10065022E-03
   20.0685654       2.02547759E-03
   19.9480515       1.95228762E-03
   19.8267555       1.88104284E-03
   19.7046833       1.81177631E-03
   19.5818062       1.74437324E-03
   19.4581261       1.67886959E-03
   19.3336449       1.61520392E-03
   19.2083549       1.55335560E-03
   19.0822620       1.49326830E-03
   18.9553375       1.43495516E-03
   18.8275852       1.37835252E-03
   18.6990051       1.32343348E-03
   18.5695877       1.27019000E-03
   18.4393444       1.21855747E-03
   18.3082390       1.16852869E-03
   18.1762810       1.12002657E-03
   18.0434647       1.07305066E-03
   17.9097843       1.02758175E-03
   17.7752514       9.83604230E-04
   17.6398277       9.41055128E-04
   17.5035248       8.99942359E-04
   17.3663349       8.60182219E-04
   17.2282524       8.21799273E-04
   17.0892906       7.84747303E-04
   16.9494057       7.48972059E-04
   16.8086128       7.14463706E-04
   16.6669044       6.81200298E-04
   16.5242767       6.49138005E-04
   16.3807373       6.18271006E-04
   16.2362480       5.88484982E-04
   16.0908165       5.59823529E-04
   15.9444427       5.32264472E-04
   15.7971172       5.05764037E-04
   15.6488495       4.80315037E-04
   15.4996014       4.55863250E-04
   15.3493824       4.32409550E-04
   15.1981888       4.09902306E-04
   15.0460091       3.88333952E-04
   14.8928604       3.67678411E-04
   14.7386951       3.47885652E-04
   14.5835304       3.28952417E-04
   14.4273548       3.10845935E-04
   14.2701664       2.93516205E-04
   14.1119537       2.76930630E-04
   13.9527340       2.61112378E-04
   13.7924576       2.46020907E-04
   13.6311398       2.31633807E-04
   13.4687729       2.17927634E-04
   13.3053493       2.04885204E-04
   13.1408844       1.92474457E-04
   12.9753323       1.80689472E-04
   12.8087006       1.69493447E-04
   12.6409874       1.58859533E-04
   12.4721832       1.48770734E-04
   12.3023014       1.39210446E-04
   12.1312943       1.30115091E-04
   11.9591770       1.21516001E-04
   11.7859402       1.13391070E-04
   11.6115780       1.05713152E-04
   11.4361019       9.84587241E-05
   11.2594643       9.16230056E-05
   11.0816784       8.51889854E-05
   10.9027348       7.91312341E-05
   10.7226295       7.34401619E-05
   10.5413742       6.80814919E-05
   10.3589211       6.30408322E-05
   10.1752796       5.83000510E-05
   9.99044418       5.38470376E-05
   9.80440712       4.96842258E-05
   9.61718369       4.57999959E-05
   9.42871857       4.21483674E-05
   9.23903275       3.87364526E-05
   9.04810905       3.55612465E-05
   8.85594559       3.26092704E-05
   8.66255379       2.98611249E-05
   8.46788597       2.73028490E-05
   8.27194977       2.49042096E-05
   8.07473946       2.26818156E-05
   7.87624550       2.06099685E-05
   7.67648888       1.86912475E-05
   7.47540665       1.69292271E-05
   7.27301979       1.52932062E-05
   7.06931305       1.37526695E-05
   6.86428642       1.23436275E-05
   6.65794945       1.10522242E-05
   6.45024490       9.85989482E-06
   6.24119186       8.74697616E-06
   6.03077698       7.71717987E-06
   5.81899643       6.77285925E-06
   5.60584259       5.90050513E-06
   5.39132309       5.10465225E-06
   5.17538452       4.35918400E-06
   4.95804214       3.69365307E-06
   4.73928833       3.06732159E-06
   4.51910782       2.50392713E-06
   4.29752731       2.00104023E-06
   4.07447815       1.54780446E-06
   3.84997940       1.15020964E-06
   3.62401581       8.12162341E-07
   3.39658737       5.34717856E-07
   3.16770935       3.20315962E-07
   2.93731308       1.67576346E-07
   2.70542145       7.22549061E-08
   2.47201920       2.33343815E-08
   2.23709869       4.82957585E-09
   2.00068665       4.74571660E-10
   1.76269913       4.95151923E-12
   1.52317047       0.00000000    
