   38.6044922       30.6493607    
   38.6044922       30.6493607    
   38.6044922       30.6493607    
   38.6044922       30.6493607    
   38.6044884       31.8448696    
   38.6044884       31.8448696    
   38.6044884       31.8448696    
   38.6044884       31.8448696    
   38.6044884       31.8448696    
   38.6044884       31.8448696    
   38.6044846       31.3259792    
   38.6044846       31.3259792    
   38.6044846       31.3259792    
   38.6044846       31.3259792    
   38.6044846       31.3259792    
   38.6044846       31.3259792    
   38.6044807       31.3259792    
   38.6044807       31.3259792    
   38.6044807       31.3259792    
   38.6044807       31.3259792    
   38.6044807       31.3259792    
   38.6044807       31.3259792    
   38.6044769       30.7081470    
   38.6044769       30.7081470    
   38.6044769       30.7081470    
   38.6044769       30.7081470    
   38.6044769       30.7081470    
   38.6044769       30.7081470    
   38.6044731       31.0075893    
   38.6044731       31.0075893    
   38.6044731       31.0075893    
   38.6044731       31.0075893    
   38.6044731       31.0075893    
   38.6044731       31.0075893    
   38.6044693       30.7081470    
   38.6044693       30.7081470    
   38.6044693       30.7081470    
   38.6044693       30.7081470    
   38.6044693       30.7081470    
   38.6044655       30.7081470    
   38.6044655       30.7081470    
   38.6044655       30.7081470    
   38.6044655       30.7081470    
   38.6044655       30.7081470    
   38.6044617       29.6616650    
   38.6044617       29.6616650    
   38.6044617       29.6616650    
   38.6044617       29.6616650    
   38.6044617       29.6616650    
   38.6044579       30.1578426    
   38.6044579       30.1578426    
   38.6044579       30.1578426    
   38.6044579       30.1578426    
   38.6044579       30.1578426    
   38.6044540       30.1578426    
   38.6044540       30.1578426    
   38.6044540       30.1578426    
   38.6044540       30.1578426    
   38.6044540       30.1578426    
   38.6044502       29.6616650    
   38.6044502       29.6616650    
   38.6044502       29.6616650    
   38.6044502       29.6616650    
   38.6044464       29.6616650    
   38.6044464       29.6616650    
   38.6044464       29.6616650    
   38.6044464       29.6616650    
   38.6044426       29.8420753    
   38.6044426       29.8420753    
   38.6044426       29.8420753    
   38.6044426       29.8420753    
   38.6044426       29.8420753    
   38.6044388       29.6616650    
   38.6044388       29.6616650    
   38.6044388       29.6616650    
   38.6044388       29.6616650    
   38.6044350       28.0551643    
   38.6044350       28.0551643    
   38.6044350       28.0551643    
   38.6044350       28.0551643    
   38.6044312       29.2098446    
   38.6044312       29.2098446    
   38.6044312       29.2098446    
   38.6044312       29.2098446    
   38.6044273       29.3190784    
   38.6044273       29.3190784    
   38.6044273       29.3190784    
   38.6044273       29.3190784    
   38.6044235       28.7950592    
   38.6044235       28.7950592    
   38.6044235       28.7950592    
   38.6044235       28.7950592    
   38.6044197       29.1294441    
   38.6044197       29.1294441    
   38.6044197       29.1294441    
   38.6044159       28.7950592    
   38.6044159       28.7950592    
   38.6044159       28.7950592    
   38.6044159       28.7950592    
   38.6044121       28.8702888    
   38.6044121       28.8702888    
   38.6044121       28.8702888    
   38.6044083       28.0551643    
   38.6044083       28.0551643    
   38.6044083       28.0551643    
   38.6044083       28.0551643    
   38.6044044       28.5997334    
   38.6044044       28.5997334    
   38.6044044       28.5997334    
   38.6044006       28.4116497    
   38.6044006       28.4116497    
   38.6044006       28.4116497    
   38.6043968       28.4116497    
   38.6043968       28.4116497    
   38.6043968       28.4116497    
   38.6043968       28.4116497    
   38.6043930       28.0551643    
   38.6043930       28.0551643    
   38.6043930       28.0551643    
   38.6043892       28.2302818    
   38.6043892       28.2302818    
   38.6043892       28.2302818    
   38.6043854       28.0551643    
   38.6043854       28.0551643    
   38.6043854       28.0551643    
   38.6043816       28.0551643    
   38.6043816       28.0551643    
   38.6043816       28.0551643    
   38.6043777       25.8532734    
   38.6043777       25.8532734    
   38.6043777       25.8532734    
   38.6043739       27.8444252    
   38.6043739       27.8444252    
   38.6043739       27.8444252    
   38.6043701       27.7220535    
   38.6043701       27.7220535    
   38.6043663       27.4094048    
   38.6043663       27.4094048    
   38.6043663       27.4094048    
   38.6043625       27.5633278    
   38.6043625       27.5633278    
   38.6043625       27.5633278    
   38.6043587       27.4094048    
   38.6043587       27.4094048    
   38.6043587       27.4094048    
   38.6043549       27.4094048    
   38.6043549       27.4094048    
   38.6043510       26.8363686    
   38.6043510       26.8363686    
   38.6043510       26.8363686    
   38.6043472       27.1148434    
   38.6043472       27.1148434    
   38.6043434       27.1869011    
   38.6043434       27.1869011    
   38.6043434       27.1869011    
   38.6043396       27.1148434    
   38.6043396       27.1148434    
   38.6043358       26.8363686    
   38.6043358       26.8363686    
   38.6043358       26.8363686    
   38.6043320       26.8363686    
   38.6043320       26.8363686    
   38.6043282       26.8363686    
   38.6043282       26.8363686    
   38.6043243       25.8532734    
   38.6043243       25.8532734    
   38.6043243       25.8532734    
   38.6043205       26.7026310    
   38.6043205       26.7026310    
   38.6043167       26.5723095    
   38.6043167       26.5723095    
   38.6043129       26.5723095    
   38.6043129       26.5723095    
   38.6043091       26.3212261    
   38.6043091       26.3212261    
   38.6043091       26.3212261    
   38.6043053       26.4452267    
   38.6043053       26.4452267    
   38.6043015       26.3212242    
   38.6043015       26.3212242    
   38.6042976       25.8532715    
   38.6042976       25.8532715    
   38.6042938       26.2001667    
   38.6042938       26.2001667    
   38.6042900       26.0818977    
   38.6042900       26.0818977    
   38.6042862       26.0818977    
   38.6042862       26.0818977    
   38.6042824       26.0818977    
   38.6042824       26.0818977    
   38.6042786       25.8532715    
   38.6042786       25.8532715    
   38.6042747       25.9378204    
   38.6042747       25.9378204    
   38.6042709       25.8532715    
   38.6042709       25.8532715    
   38.6042671       23.1382523    
   38.6042671       23.1382523    
   38.6042633       25.6344147    
   38.6042595       25.7290173    
   38.6042595       25.7290173    
   38.6042557       25.4245224    
   38.6042557       25.4245224    
   38.6042519       25.5944004    
   38.6042519       25.5944004    
   38.6042480       25.4245224    
   38.6042480       25.4245224    
   38.6042442       25.4761944    
   38.6042404       25.0288754    
   38.6042404       25.0288754    
   38.6042366       25.3733692    
   38.6042366       25.3733692    
   38.6042328       25.2228870    
   38.6042328       25.2228870    
   38.6042290       25.0288754    
   38.6042252       25.1736908    
   38.6042252       25.1736908    
   38.6042213       25.1249580    
   38.6042213       25.1249580    
   38.6042175       25.0288754    
   38.6042137       25.0288754    
   38.6042137       25.0288754    
   38.6042099       24.3187103    
   38.6042061       24.9345474    
   38.6042061       24.9345474    
   38.6042023       24.8419247    
   38.6042023       24.8419247    
   38.6041985       24.6615448    
   38.6041946       24.7509365    
   38.6041946       24.7509365    
   38.6041908       24.7509365    
   38.6041870       24.6615448    
   38.6041870       24.6615448    
   38.6041832       24.3187103    
   38.6041794       24.5736675    
   38.6041794       24.5736675    
   38.6041756       24.4872742    
   38.6041718       24.4872742    
   38.6041679       24.3187103    
   38.6041679       24.3187103    
   38.6041641       24.4023075    
   38.6041603       24.3187103    
   38.6041603       24.3187103    
   38.6041565       24.3187103    
   38.6041527       23.1382504    
   38.6041489       24.1555023    
   38.6041489       24.1555023    
   38.6041451       24.1958218    
   38.6041412       23.9973030    
   38.6041412       23.9973030    
   38.6041374       24.0757961    
   38.6041336       23.9973030    
   38.6041298       23.9973030    
   38.6041260       23.6947765    
   38.6041260       23.6947765    
   38.6041222       23.9199924    
   38.6041183       23.8438225    
   38.6041145       23.8438225    
   38.6041145       23.8438225    
   38.6041107       23.6947765    
   38.6041069       23.7687550    
   38.6041031       23.6947765    
   38.6040993       23.6947765    
   38.6040993       23.6947765    
   38.6040955       23.1382484    
   38.6040916       23.6218338    
   38.6040878       23.5499153    
   38.6040840       23.5499153    
   38.6040802       23.4090137    
   38.6040802       23.4090137    
   38.6040764       23.4090137    
   38.6040726       23.4090137    
   38.6040688       23.1382484    
   38.6040649       23.3399811    
   38.6040611       23.2718544    
   38.6040573       23.1382484    
   38.6040535       23.2381287    
   38.6040535       23.2381287    
   38.6040497       23.1382484    
   38.6040459       23.1713219    
   38.6040421       20.0505085    
   38.6040382       23.1135750    
   38.6040344       23.0080051    
   38.6040306       23.0402565    
   38.6040268       22.8809643    
   38.6040230       22.9759483    
   38.6040192       22.8809643    
   38.6040154       22.8809643    
   38.6040115       22.6358814    
   38.6040077       22.8185978    
   38.6040039       22.7569695    
   38.6040001       22.6358814    
   38.6039963       22.7264309    
   38.6039925       22.6960735    
   38.6039886       22.6358814    
   38.6039848       22.6358814    
   38.6039810       22.1780052    
   38.6039772       22.5763798    
   38.6039734       22.5175591    
   38.6039696       22.5175591    
   38.6039658       22.4018841    
   38.6039619       22.4018841    
   38.6039581       22.4018841    
   38.6039543       22.4018841    
   38.6039505       22.1780052    
   38.6039467       22.3449993    
   38.6039429       22.2887287    
   38.6039391       22.1780033    
   38.6039352       22.2330685    
   38.6039314       22.1780033    
   38.6039276       22.1780033    
   38.6039200       21.3681965    
   38.6039162       22.1099758    
   38.6039124       21.9633904    
   38.6039085       22.0428333    
   38.6039047       21.9633904    
   38.6039009       21.9633904    
   38.6038971       21.7573185    
   38.6038895       21.8593292    
   38.6038857       21.8593292    
   38.6038818       21.7573166    
   38.6038780       21.8336391    
   38.6038742       21.7573166    
   38.6038666       21.3681965    
   38.6038628       21.7070503    
   38.6038589       21.6572666    
   38.6038551       21.6774349    
   38.6038513       21.5591106    
   38.6038437       21.5591106    
   38.6038399       21.5591106    
   38.6038361       21.3681965    
   38.6038322       21.5107193    
   38.6038246       21.4627781    
   38.6038208       21.3681965    
   38.6038170       21.3681946    
   38.6038094       20.0505047    
   38.6038055       21.3215408    
   38.6038017       21.3215408    
   38.6037941       21.1840477    
   38.6037903       21.1840477    
   38.6037865       21.2067070    
   38.6037788       21.0061970    
   38.6037750       21.1390114    
   38.6037712       21.0943604    
   38.6037636       21.0061970    
   38.6037598       21.0061970    
   38.6037521       20.6677704    
   38.6037483       20.9843903    
   38.6037445       20.9626713    
   38.6037369       20.8342304    
   38.6037331       20.8766975    
   38.6037254       20.8342304    
   38.6037216       20.6677685    
   38.6037140       20.7503357    
   38.6037102       20.7503357    
   38.6037025       20.7088871    
   38.6036987       20.6677685    
   38.6036911       20.0505028    
   38.6036873       20.6269741    
   38.6036797       20.5864868    
   38.6036758       20.5064621    
   38.6036682       20.5064621    
   38.6036644       20.3500061    
   38.6036568       20.4767666    
   38.6036530       20.4276428    
   38.6036453       20.3500061    
   38.6036415       20.3514271    
   38.6036339       20.3322048    
   38.6036263       20.2749710    
   38.6036224       20.2749710    
   38.6036148       20.2371597    
   38.6036072       20.1253433    
   38.6036034       20.1809521    
   38.6035957       20.1253433    
   38.6035881       19.8383808    
   38.6035843       20.0885963    
   38.6035767       19.9798889    
   38.6035690       19.9798889    
   38.6035652       19.9978485    
   38.6035576       19.9619884    
   38.6035500       19.9086571    
   38.6035423       19.8909969    
   38.6035385       19.8383808    
   38.6035309       19.3078556    
   38.6035233       19.7690449    
   38.6035156       19.7006130    
   38.6035080       19.7006130    
   38.6035042       19.7006130    
   38.6034966       19.6667309    
   38.6034889       19.6330700    
   38.6034813       19.5996227    
   38.6034737       19.5746746    
   38.6034660       19.5415955    
   38.6034584       19.4355183    
   38.6034508       19.4355183    
   38.6034470       19.4355183    
   38.6034393       19.3078537    
   38.6034317       19.3712978    
   38.6034241       19.3394756    
   38.6034164       19.3078537    
   38.6034088       19.2764187    
   38.6034012       19.2451706    
   38.6033936       19.1832275    
   38.6033859       19.1832275    
   38.6033783       19.1525364    
   38.6033707       19.1220169    
   38.6033630       19.0615082    
   38.6033516       18.8262482    
   38.6033440       19.0016975    
   38.6033363       18.9425564    
   38.6033287       18.9425564    
   38.6033211       18.8262482    
   38.6033134       18.9059334    
   38.6033058       18.8262463    
   38.6032982       18.8262463    
   38.6032867       18.7690525    
   38.6032791       18.7124672    
   38.6032715       18.7124672    
   38.6032639       18.6011086    
   38.6032524       18.6564922    
   38.6032448       18.6287251    
   38.6032372       18.6149006    
   38.6032295       18.5736370    
   38.6032181       18.4920712    
   38.6032104       18.4920712    
   38.6032028       18.3852501    
   38.6031914       18.4383888    
   38.6031837       18.4117546    
   38.6031761       18.3852501    
   38.6031647       18.3326511    
   38.6031570       18.2805729    
   38.6031456       18.2805729    
   38.6031380       18.2611752    
   38.6031265       18.1779404    
   38.6031189       18.1779404    
   38.6031113       17.9785118    
   38.6030998       18.0772781    
   38.6030922       18.1022587    
   38.6030807       17.9785118    
   38.6030693       18.0276604    
   38.6030617       18.0030270    
   38.6030502       17.9541054    
   38.6030426       17.9298172    
   38.6030312       17.9056358    
   38.6030197       17.7863865    
   38.6030121       17.8337612    
   38.6030006       17.7863865    
   38.6029892       17.6010532    
   38.6029816       17.7394371    
   38.6029701       17.7161179    
   38.6029587       17.6010532    
   38.6029472       17.6467762    
   38.6029396       17.6010532    
   38.6029282       17.5783348    
   38.6029167       17.5557232    
   38.6029053       17.5107784    
   38.6028938       17.4662151    
   38.6028824       17.4440804    
   38.6028748       17.4220352    
   38.6028633       17.3782177    
   38.6028519       17.3347626    
   38.6028404       17.3347626    
   38.6028290       17.2916660    
   38.6028175       17.2702484    
   38.6028061       16.9189091    
   38.6027946       17.2078342    
   38.6027832       17.1644516    
   38.6027718       17.1227226    
   38.6027603       17.0813217    
   38.6027489       16.9189072    
   38.6027336       17.0402489    
   38.6027222       16.9994869    
   38.6027107       16.9590435    
   38.6026993       16.9189072    
   38.6026878       14.8332453    
   38.6026726       16.8395405    
   38.6026611       16.8395405    
   38.6026497       16.8003025    
   38.6026382       16.7613564    
   38.6026230       16.6083870    
   38.6026115       16.7226944    
   38.6026001       16.6843147    
   38.6025848       16.6462154    
   38.6025734       16.6272659    
   38.6025581       16.5708313    
   38.6025467       16.5335407    
   38.6025352       16.4597378    
   38.6025200       16.4597378    
   38.6025085       16.4597378    
   38.6024933       16.4232216    
   38.6024780       16.3869572    
   38.6024666       16.3689213    
   38.6024513       16.3419762    
   38.6024399       15.7735929    
   38.6024246       16.2443504    
   38.6024094       16.1744709    
   38.6023979       16.2092934    
   38.6023827       16.1744709    
   38.6023674       16.1398735    
   38.6023521       16.1055031    
   38.6023407       16.0713539    
   38.6023254       16.0374260    
   38.6023102       16.0037155    
   38.6022949       15.9702187    
   38.6022797       15.9369354    
   38.6022644       15.9038544    
   38.6022491       15.8709860    
   38.6022339       15.8383198    
   38.6022186       15.8220634    
   38.6022034       15.7896967    
   38.6021881       15.7575283    
   38.6021729       15.7096424    
   38.6021576       15.6937752    
   38.6021423       15.6621866    
   38.6021271       15.6307840    
   38.6021118       15.5995674    
   38.6020927       15.5685358    
   38.6020775       15.5223265    
   38.6020622       15.5070143    
   38.6020470       15.4765196    
   38.6020279       15.4386501    
   38.6020126       15.4010468    
   38.6019974       15.3711548    
   38.6019783       15.3414345    
   38.6019630       15.3192558    
   38.6019440       15.2824907    
   38.6019287       15.2532654    
   38.6019096       15.2169542    
   38.6018944       15.1880884    
   38.6018753       15.1522226    
   38.6018600       15.1237068    
   38.6018410       15.0812178    
   38.6018219       15.0530825    
   38.6018066       15.0250940    
   38.6017876       14.9972544    
   38.6017685       14.9420118    
   38.6017494       14.9282885    
   38.6017303       14.8873386    
   38.6017151       14.8602142    
   38.6016960       14.8399591    
   38.6016769       14.7796650    
   38.6016579       14.7763329    
   38.6016388       14.7266388    
   38.6016197       14.7142859    
   38.6016006       14.6741400    
   38.6015816       14.6480865    
   38.6015625       14.4192019    
   38.6015396       14.5706835    
   38.6015205       14.5451307    
   38.6015015       14.4192009    
   38.6014824       14.4692125    
   38.6014633       14.4441452    
   38.6014404       14.4191990    
   38.6014214       14.3912725    
   38.6014023       14.3573389    
   38.6013794       14.3266783    
   38.6013603       14.2961950    
   38.6013374       14.2598467    
   38.6013184       14.2237453    
   38.6012955       14.1998119    
   38.6012726       14.1641178    
   38.6012535       14.1286612    
   38.6012306       14.1051550    
   38.6012077       14.0700912    
   38.6011887       14.0352602    
   38.6011658       13.9891691    
   38.6011429       13.9662724    
   38.6011200       13.9434767    
   38.6010971       13.9094677    
   38.6010742       13.8756714    
   38.6010513       13.6773224    
   38.6010284       13.8087234    
   38.6010056       13.7645578    
   38.6009827       13.7535753    
   38.6009598       13.7207594    
   38.6009369       13.6881437    
   38.6009140       13.6557302    
   38.6008911       13.5914936    
   38.6008644       13.5914936    
   38.6008415       13.5596657    
   38.6008186       13.5280266    
   38.6007919       13.4965744    
   38.6007690       13.4653101    
   38.6007423       13.4239101    
   38.6007195       13.4033232    
   38.6006927       13.3726082    
   38.6006660       12.1801748    
   38.6006432       13.3116989    
   38.6006165       13.2614708    
   38.6005898       13.2489891    
   38.6005669       13.1820841    
   38.6005402       13.1820831    
   38.6005135       13.1562910    
   38.6004868       13.1038704    
   38.6004601       13.0844955    
   38.6004333       13.0555677    
   38.6004066       13.0291862    
   38.6003799       12.9886751    
   38.6003532       12.9649878    
   38.6003227       12.9296560    
   38.6002960       12.8945570    
   38.6002693       12.8712854    
   38.6002388       12.8020868    
   38.6002121       12.8020859    
   38.6001854       12.7746544    
   38.6001549       12.7428312    
   38.6001282       12.6932096    
   38.6000977       12.6752777    
   38.6000671       12.6395969    
   38.6000404       12.5865297    
   38.6000099       12.4475584    
   38.5999794       12.5514383    
   38.5999489       12.5209236    
   38.5999184       12.4884291    
   38.5998878       12.4561300    
   38.5998573       12.4218941    
   38.5998268       12.3794079    
   38.5997963       12.3625078    
   38.5997658       12.3288670    
   38.5997353       12.2996092    
   38.5997047       12.2705116    
   38.5996704       12.2292166    
   38.5996399       12.2045956    
   38.5996094       12.1719446    
   38.5995750       12.1394911    
   38.5995445       12.1132708    
   38.5995102       12.0512648    
   38.5994759       12.0472851    
   38.5994453       11.9880095    
   38.5994110       11.9255047    
   38.5993767       11.9527550    
   38.5993423       11.6826334    
   38.5993080       11.8868036    
   38.5992737       11.8560505    
   38.5992393       11.8254719    
   38.5992050       11.7875023    
   38.5991707       11.7648468    
   38.5991364       11.7273026    
   38.5990982       11.6974630    
   38.5990639       11.6677885    
   38.5990295       11.6382790    
   38.5989914       11.6052799    
   38.5989571       11.5779343    
   38.5989189       11.5453062    
   38.5988846       11.5146723    
   38.5988464       11.4788628    
   38.5988083       11.4503841    
   38.5987701       11.3938971    
   38.5987320       11.3798666    
   38.5986938       11.3519163    
   38.5986557       11.3102274    
   38.5986176       11.2895651    
   38.5985794       11.2552490    
   38.5985413       11.2279530    
   38.5985031       11.2007952    
   38.5984612       11.1670437    
   38.5984230       11.1368523    
   38.5983810       11.0935469    
   38.5983429       11.0736752    
   38.5983009       11.0440149    
   38.5982590       11.0079842    
   38.5982208       10.9754429    
   38.5981789       10.9366589    
   38.5981369       10.9173689    
   38.5980949       10.8853807    
   38.5980530       10.8093863    
   38.5980110       10.8219805    
   38.5979652       10.7904959    
   38.5979233       10.7593260    
   38.5978813       10.7282915    
   38.5978355       10.6989565    
   38.5977936       10.6667452    
   38.5977478       10.6119623    
   38.5977058       10.5998507    
   38.5976601       10.5744419    
   38.5976143       10.5427847    
   38.5975685       10.5040894    
   38.5975227       10.4686193    
   38.5974770       10.4450960    
   38.5974312       10.4158497    
   38.5973854       10.3751802    
   38.5973396       10.3549585    
   38.5972939       10.3233356    
   38.5972443       10.2833786    
   38.5971985       10.2606745    
   38.5971489       10.2268105    
   38.5970993       10.1931028    
   38.5970535       10.1486216    
   38.5970039       10.1375504    
   38.5969543       10.1044683    
   38.5969048       10.0715971    
   38.5968552       10.0389261    
   38.5968056       10.0118618    
   38.5967522       9.97956371    
   38.5967026       9.93148804    
   38.5966530       9.91027355    
   38.5965996       9.88912582    
   38.5965462       9.84711647    
   38.5964966       9.82621956    
   38.5964432       9.79503345    
   38.5963898       9.76406860    
   38.5963364       9.72305107    
   38.5962830       9.70264816    
   38.5962296       9.66211319    
   38.5961761       9.56216717    
   38.5961189       9.60936260    
   38.5960655       9.57698822    
   38.5960121       9.54973984    
   38.5959549       9.51278400    
   38.5958977       9.48683167    
   38.5958405       9.44461918    
   38.5957870       9.40605545    
   38.5957298       9.39403343    
   38.5956688       9.35820198    
   38.5956116       9.32973003    
   38.5955544       9.30140114    
   38.5954971       9.25456524    
   38.5954361       9.23591709    
   38.5953789       9.20810032    
   38.5953178       9.17812157    
   38.5952568       9.14777470    
   38.5951958       9.11673737    
   38.5951347       9.08477116    
   38.5950737       9.05328178    
   38.5950127       9.02504063    
   38.5949516       8.99086857    
   38.5948868       8.95994377    
   38.5948257       8.92921925    
   38.5947609       8.90083694    
   38.5946960       8.86829567    
   38.5946312       8.83810616    
   38.5945663       8.79106998    
   38.5945015       8.77398968    
   38.5944366       8.74019051    
   38.5943718       8.71703434    
   38.5943069       8.68564892    
   38.5942383       8.62354088    
   38.5941696       8.62346268    
   38.5941048       8.59390640    
   38.5940361       8.56404114    
   38.5939674       8.53361607    
   38.5938988       8.50334930    
   38.5938301       8.47426701    
   38.5937576       8.43741608    
   38.5936890       8.41063595    
   38.5936165       8.37942505    
   38.5935478       8.35272408    
   38.5934753       8.31759453    
   38.5934029       8.29147625    
   38.5933304       8.26030350    
   38.5932579       8.22996998    
   38.5931816       8.19618511    
   38.5931091       8.16631603    
   38.5930328       8.13660240    
   38.5929604       8.10707760    
   38.5928841       8.07771873    
   38.5928078       8.01966572    
   38.5927315       8.01772404    
   38.5926552       7.98709106    
   38.5925751       7.95669794    
   38.5924988       7.92646885    
   38.5924187       7.89706326    
   38.5923424       7.86652708    
   38.5922623       7.83515406    
   38.5921822       7.80737925    
   38.5921021       7.77635717    
   38.5920181       7.74551249    
   38.5919380       7.71739435    
   38.5918541       7.68446159    
   38.5917740       7.63099480    
   38.5916901       7.62417555    
   38.5916061       7.59102726    
   38.5915222       7.56463385    
   38.5914345       7.53673744    
   38.5913506       7.50582361    
   38.5912666       7.47825575    
   38.5911789       7.44775724    
   38.5910912       7.41581821    
   38.5910034       7.38724947    
   38.5909157       7.34637213    
   38.5908279       7.32749224    
   38.5907364       7.29637194    
   38.5906487       7.22294092    
   38.5905571       7.23476028    
   38.5904655       7.21026516    
   38.5903740       7.17995310    
   38.5902824       7.14984035    
   38.5901871       7.11990929    
   38.5900955       7.09015560    
   38.5900002       7.06353045    
   38.5899048       7.03125715    
   38.5898094       7.00208712    
   38.5897141       6.97308588    
   38.5896187       6.94433498    
   38.5895195       6.91712523    
   38.5894241       6.88728666    
   38.5893250       6.84793854    
   38.5892258       6.82814074    
   38.5891266       6.80034971    
   38.5890236       6.76992607    
   38.5889244       6.74241352    
   38.5888214       6.67244482    
   38.5887184       6.68392849    
   38.5886154       6.65034819    
   38.5885124       6.62621307    
   38.5884094       6.59699917    
   38.5883026       6.56793451    
   38.5881958       6.53915119    
   38.5880890       6.51050997    
   38.5879822       6.48203516    
   38.5878754       6.45380831    
   38.5877647       6.42068815    
   38.5876579       6.39726448    
   38.5875473       6.36771536    
   38.5874367       6.26329470    
   38.5873260       6.31173182    
   38.5872116       6.28103495    
   38.5871010       6.25506067    
   38.5869865       6.22267389    
   38.5868721       6.19443035    
   38.5867577       6.16976643    
   38.5866394       6.14097929    
   38.5865250       6.11397505    
   38.5864067       6.08634377    
   38.5862885       6.05805731    
   38.5861702       6.03036594    
   38.5860481       5.99729681    
   38.5859299       5.97000170    
   38.5858078       5.94290018    
   38.5856857       5.91815519    
   38.5855637       5.88923502    
   38.5854416       5.86274862    
   38.5853157       5.81953955    
   38.5851898       5.80806780    
   38.5850639       5.78003168    
   38.5849380       5.75011826    
   38.5848083       5.72445774    
   38.5846825       5.70001602    
   38.5845528       5.67181110    
   38.5844231       5.64481831    
   38.5842896       5.61586237    
   38.5841599       5.58329487    
   38.5840263       5.56379414    
   38.5838928       5.53650141    
   38.5837555       5.50952530    
   38.5836220       5.48237514    
   38.5834846       5.45610714    
   38.5833473       5.42964935    
   38.5832100       5.40247965    
   38.5830727       5.37688923    
   38.5829315       5.34699440    
   38.5827904       5.32360458    
   38.5826492       5.29428244    
   38.5825081       5.24382782    
   38.5823631       5.24476671    
   38.5822182       5.21626902    
   38.5820732       5.19272280    
   38.5819283       5.16567850    
   38.5817795       5.14055300    
   38.5816307       5.11203527    
   38.5814819       5.08916283    
   38.5813332       5.06374311    
   38.5811806       5.03675890    
   38.5810280       5.01113653    
   38.5808754       4.98929977    
   38.5807228       4.97240591    
   38.5805664       4.95535946    
   38.5804100       4.93814182    
   38.5802536       4.91850996    
   38.5800934       4.90452433    
   38.5799370       4.88859892    
   38.5797768       4.87232733    
   38.5796127       4.85506058    
   38.5794525       4.83804560    
   38.5792885       4.82097101    
   38.5791245       4.80497169    
   38.5789604       4.78858280    
   38.5787926       4.76504564    
   38.5786247       4.74852467    
   38.5784569       4.73202801    
   38.5782852       4.72173548    
   38.5781136       4.70507145    
   38.5779419       4.68810749    
   38.5777702       4.67260790    
   38.5775948       4.65581846    
   38.5774193       4.63872433    
   38.5772438       4.62209415    
   38.5770645       4.60277796    
   38.5768852       4.58945990    
   38.5767059       4.57123661    
   38.5765266       4.55649424    
   38.5763435       4.51424122    
   38.5761604       4.52294731    
   38.5759735       4.50613689    
   38.5757904       4.48735666    
   38.5756035       4.47415447    
   38.5754128       4.45774651    
   38.5752220       4.44125986    
   38.5750313       4.42415667    
   38.5748405       4.40837145    
   38.5746460       4.39150715    
   38.5744514       4.36392450    
   38.5742569       4.35816813    
   38.5740585       4.34243059    
   38.5738602       4.32586193    
   38.5736618       4.30983686    
   38.5734596       4.29088306    
   38.5732574       4.27730513    
   38.5730553       4.26058578    
   38.5728493       4.24234009    
   38.5726433       4.22806358    
   38.5724373       4.21093464    
   38.5722275       4.19569683    
   38.5720177       4.18000460    
   38.5718040       4.16353464    
   38.5715904       4.14712667    
   38.5713768       4.13098621    
   38.5711632       4.11492682    
   38.5709457       4.09758139    
   38.5707245       4.08122778    
   38.5705070       4.06506538    
   38.5702858       4.04890060    
   38.5700607       4.03283072    
   38.5698357       4.01731014    
   38.5696106       4.00089502    
   38.5693817       3.98498797    
   38.5691528       3.96681809    
   38.5689240       3.95296645    
   38.5686913       3.93664837    
   38.5684586       3.90938735    
   38.5682259       3.90438557    
   38.5679893       3.88864779    
   38.5677490       3.87125301    
   38.5675087       3.85557485    
   38.5672684       3.83956861    
   38.5670280       3.82431722    
   38.5667839       3.80821800    
   38.5665359       3.79086685    
   38.5662880       3.77594519    
   38.5660400       3.75980377    
   38.5657921       3.74402523    
   38.5655365       3.72769976    
   38.5652847       3.71164870    
   38.5650291       3.69542146    
   38.5647697       3.67988849    
   38.5645142       3.66368246    
   38.5642509       3.64777565    
   38.5639915       3.63109183    
   38.5637245       3.61596155    
   38.5634613       3.59977722    
   38.5631943       3.58402872    
   38.5629234       3.56808972    
   38.5626526       3.55165219    
   38.5623817       3.53604722    
   38.5621071       3.52034092    
   38.5618286       3.50376463    
   38.5615540       3.48845863    
   38.5612717       3.47238445    
   38.5609894       3.45615911    
   38.5607071       3.44056225    
   38.5604210       3.42408371    
   38.5601349       3.40882897    
   38.5598450       3.39278698    
   38.5595551       3.37707233    
   38.5592613       3.36116052    
   38.5589676       3.34504580    
   38.5586700       3.32924247    
   38.5583725       3.31365180    
   38.5580711       3.29771423    
   38.5577698       3.28160357    
   38.5574646       3.26579046    
   38.5571594       3.25000238    
   38.5568504       3.23411632    
   38.5565414       3.21873903    
   38.5562286       3.20291615    
   38.5559158       3.18573236    
   38.5555992       3.17115498    
   38.5552788       3.15562987    
   38.5549583       3.13971233    
   38.5546379       3.12401223    
   38.5543137       3.10803771    
   38.5539856       3.09205723    
   38.5536575       3.07594872    
   38.5533257       3.06099129    
   38.5529938       3.04532886    
   38.5526581       3.02930856    
   38.5523186       3.01369667    
   38.5519791       2.99788952    
   38.5516357       2.98195314    
   38.5512924       2.96608758    
   38.5509453       2.95053768    
   38.5505981       2.92664099    
   38.5502472       2.91900826    
   38.5498924       2.90305734    
   38.5495377       2.88783908    
   38.5491791       2.87228227    
   38.5488205       2.85685492    
   38.5484581       2.84097815    
   38.5480919       2.82547045    
   38.5477257       2.80982089    
   38.5473557       2.79405284    
   38.5469856       2.77834654    
   38.5466080       2.76294994    
   38.5462341       2.74608397    
   38.5458527       2.73111796    
   38.5454712       2.71547055    
   38.5450859       2.70037484    
   38.5447006       2.68492866    
   38.5443115       2.66909218    
   38.5439186       2.65355706    
   38.5435257       2.63805628    
   38.5431290       2.62183857    
   38.5427284       2.60697031    
   38.5423279       2.59139681    
   38.5419197       2.57555509    
   38.5415154       2.56006765    
   38.5411034       2.54447246    
   38.5406914       2.52894330    
   38.5402756       2.51332712    
   38.5398560       2.49770856    
   38.5394363       2.48190475    
   38.5390129       2.46639037    
   38.5385857       2.45122123    
   38.5381584       2.43568349    
   38.5377274       2.42021799    
   38.5372925       2.40454602    
   38.5368538       2.38907838    
   38.5364151       2.37313318    
   38.5359726       2.35689831    
   38.5355263       2.34257698    
   38.5350761       2.32429767    
   38.5346222       2.31128025    
   38.5341682       2.29564643    
   38.5337105       2.27932453    
   38.5332489       2.26491213    
   38.5327873       2.24904799    
   38.5323219       2.23384523    
   38.5318489       2.21852612    
   38.5313759       2.20297503    
   38.5309029       2.18755031    
   38.5304222       2.13051367    
   38.5299416       2.15630579    
   38.5294533       2.14095163    
   38.5289650       2.12549353    
   38.5284767       2.10987186    
   38.5279808       2.09456730    
   38.5274811       2.07874656    
   38.5269814       2.06339622    
   38.5264778       2.04780126    
   38.5259705       2.03224826    
   38.5254593       2.01689291    
   38.5249443       2.00165391    
   38.5244255       1.98611307    
   38.5239029       1.97068155    
   38.5233803       1.95520532    
   38.5228500       1.93956566    
   38.5223198       1.92431140    
   38.5217857       1.90727246    
   38.5212479       1.89341402    
   38.5207062       1.87795484    
   38.5201607       1.86240399    
   38.5196114       1.84710360    
   38.5190582       1.83148313    
   38.5185013       1.81611085    
   38.5179443       1.79456592    
   38.5173798       1.78482294    
   38.5168152       1.76994693    
   38.5162430       1.75408709    
   38.5156670       1.73895311    
   38.5150909       1.72350848    
   38.5145073       1.70828962    
   38.5139236       1.69150865    
   38.5133324       1.67748582    
   38.5127411       1.66210461    
   38.5121422       1.64637804    
   38.5115433       1.62894392    
   38.5109367       1.61596310    
   38.5103302       1.60023558    
   38.5097160       1.58512366    
   38.5090981       1.56976867    
   38.5084801       1.55431020    
   38.5078545       1.53894413    
   38.5072250       1.52353656    
   38.5065918       1.50763464    
   38.5059547       1.49281466    
   38.5053139       1.47741854    
   38.5046692       1.46174002    
   38.5040169       1.44673812    
   38.5033646       1.43123293    
   38.5027084       1.41583884    
   38.5020447       1.40076673    
   38.5013771       1.38535559    
   38.5007057       1.36984777    
   38.5000305       1.35455084    
   38.4993515       1.33930802    
   38.4986687       1.32347763    
   38.4979782       1.30859601    
   38.4972878       1.29333341    
   38.4965897       1.27795696    
   38.4958878       1.26264226    
   38.4951782       1.24711537    
   38.4944687       1.23189366    
   38.4937515       1.21650553    
   38.4930305       1.20126545    
   38.4923058       1.18595004    
   38.4915771       1.17069018    
   38.4908409       1.15530932    
   38.4901009       1.13998365    
   38.4893570       1.12457609    
   38.4886093       1.10937154    
   38.4878540       1.09378839    
   38.4870949       1.07860541    
   38.4863319       1.06336319    
   38.4855652       1.04790199    
   38.4847908       1.03280532    
   38.4840126       1.01736248    
   38.4832268       1.00215423    
   38.4824371      0.986840665    
   38.4816437      0.971431851    
   38.4808464      0.955999970    
   38.4800415      0.940914094    
   38.4792328      0.925592601    
   38.4784164      0.909862459    
   38.4775963      0.894877136    
   38.4767685      0.879673481    
   38.4759407      0.864546478    
   38.4751015      0.849150181    
   38.4742622      0.833743870    
   38.4734154      0.818770587    
   38.4725609      0.803354859    
   38.4717026      0.787926674    
   38.4708405      0.772784114    
   38.4699707      0.757494152    
   38.4690933      0.741807640    
   38.4682121      0.726976216    
   38.4673271      0.698024273    
   38.4664345      0.696506917    
   38.4655380      0.678574800    
   38.4646339      0.665977061    
   38.4637222      0.650696993    
   38.4628067      0.634209335    
   38.4618835      0.620042264    
   38.4609566      0.605019510    
   38.4600220      0.588859200    
   38.4590836      0.574421525    
   38.4581375      0.559272766    
   38.4571838      0.544024289    
   38.4562263      0.528581917    
   38.4552612      0.513399482    
   38.4542923      0.498286545    
   38.4533157      0.483184099    
   38.4523315      0.467209578    
   38.4513435      0.451969385    
   38.4503441      0.437465668    
   38.4493446      0.422058970    
   38.4483337      0.406981885    
   38.4473190      0.391755790    
   38.4462967      0.376408249    
   38.4452667      0.360939831    
   38.4442291      0.346114904    
   38.4431877      0.330837280    
   38.4421387      0.315726072    
   38.4410820      0.300464898    
   38.4400177      0.285223782    
   38.4389496      0.269925088    
   38.4378738      0.254882157    
   38.4367905      0.239621103    
   38.4356995      0.224334165    
   38.4346008      0.209297493    
   38.4334946      0.194118917    
   38.4323845      0.177524745    
   38.4312630      0.163765341    
   38.4301376      0.148402914    
   38.4290009      0.133348987    
   38.4278603      0.118114963    
   38.4267120      0.102737039    
   38.4255562       8.78048688E-02
   38.4243927       7.24081993E-02
   38.4232216       5.74725345E-02
   38.4220428       4.22777273E-02
   38.4208527       2.70492230E-02
   38.4196587       1.16507355E-02
   38.4184570      -3.23065883E-03
   38.4172478      -1.83957461E-02
   38.4160309      -3.37220430E-02
   38.4148026      -4.88541871E-02
   38.4135704      -6.39271513E-02
   38.4123268      -7.94049352E-02
   38.4110794      -9.41841155E-02
   38.4098206     -0.109365307    
   38.4085541     -0.124479741    
   38.4072800     -0.140046895    
   38.4059982     -0.154713467    
   38.4047050     -0.169899032    
   38.4034081     -0.184972331    
   38.4020996     -0.200186372    
   38.4007835     -0.215324998    
   38.3994560     -0.230461612    
   38.3981247     -0.245546326    
   38.3967819     -0.260691702    
   38.3954315     -0.275910109    
   38.3940697     -0.291103035    
   38.3927002     -0.306127429    
   38.3913231     -0.321186155    
   38.3899384     -0.336318016    
   38.3885422     -0.351451337    
   38.3871384     -0.366503209    
   38.3857231     -0.381638497    
   38.3843002     -0.396773010    
   38.3828697     -0.411875665    
   38.3814278     -0.427022934    
   38.3799782     -0.442142308    
   38.3785172     -0.457269281    
   38.3770485     -0.472320586    
   38.3755684     -0.487463802    
   38.3740768     -0.502543032    
   38.3725815     -0.517639816    
   38.3710709     -0.532825589    
   38.3695526     -0.547934949    
   38.3680267     -0.562938273    
   38.3664894     -0.577943265    
   38.3649406     -0.593093634    
   38.3633804     -0.608128428    
   38.3618126     -0.623517454    
   38.3602333     -0.638361692    
   38.3586464     -0.653465450    
   38.3570480     -0.668457270    
   38.3554382     -0.683835745    
   38.3538170     -0.698645830    
   38.3521881     -0.713767529    
   38.3505478     -0.728954494    
   38.3488960     -0.743839920    
   38.3472328     -0.758883297    
   38.3455620     -0.774147213    
   38.3438759     -0.788994491    
   38.3421822     -0.804163694    
   38.3404770     -0.819947541    
   38.3387604     -0.834144771    
   38.3370285     -0.849228024    
   38.3352890     -0.864287138    
   38.3335419     -0.879362762    
   38.3317795     -0.894353986    
   38.3300056     -0.909403801    
   38.3282204     -0.924653351    
   38.3264236     -0.939530551    
   38.3246155     -0.954527617    
   38.3227921     -0.969593883    
   38.3209610     -0.984818816    
   38.3191185     -0.999608517    
   38.3172607      -1.01464975    
   38.3153954      -1.02978551    
   38.3135147      -1.04466689    
   38.3116226      -1.05973482    
   38.3097153      -1.07478201    
   38.3078003      -1.08975458    
   38.3058701      -1.10478175    
   38.3039284      -1.11999631    
   38.3019753      -1.13483238    
   38.3000069      -1.14984155    
   38.2980270      -1.16484821    
   38.2960320      -1.17984736    
   38.2940254      -1.19484985    
   38.2920074      -1.20989323    
   38.2899742      -1.22488630    
   38.2879295      -1.23994410    
   38.2858734      -1.25490975    
   38.2837982      -1.26994455    
   38.2817154      -1.28492618    
   38.2796135      -1.29985356    
   38.2775040      -1.31480289    
   38.2753754      -1.32985103    
   38.2732353      -1.34516025    
   38.2710800      -1.35977077    
   38.2689133      -1.37475812    
   38.2667313      -1.38985753    
   38.2645340      -1.40488601    
   38.2623253      -1.41964173    
   38.2600975      -1.43472517    
   38.2578583      -1.44963694    
   38.2556038      -1.46466029    
   38.2533340      -1.47959185    
   38.2510529      -1.49458468    
   38.2487526      -1.50950146    
   38.2464409      -1.52444363    
   38.2441139      -1.53940964    
   38.2417679      -1.55436003    
   38.2394104      -1.56934142    
   38.2370377      -1.58429050    
   38.2346458      -1.59922528    
   38.2322426      -1.61420596    
   38.2298203      -1.62919033    
   38.2273827      -1.64408553    
   38.2249298      -1.65902984    
   38.2224617      -1.67398822    
   38.2199783      -1.68889654    
   38.2174797      -1.70416582    
   38.2149620      -1.71873975    
   38.2124290      -1.73371005    
   38.2098808      -1.74863255    
   38.2073135      -1.76356184    
   38.2047310      -1.77848208    
   38.2021294      -1.79341424    
   38.1995125      -1.80839419    
   38.1968803      -1.82331884    
   38.1942291      -1.83818388    
   38.1915627      -1.85308707    
   38.1888771      -1.86808264    
   38.1861763      -1.88296926    
   38.1834526      -1.89785898    
   38.1807175      -1.91275382    
   38.1779594      -1.92767739    
   38.1751862      -1.94263232    
   38.1723938      -1.95747888    
   38.1695862      -1.97241890    
   38.1667557      -1.98728585    
   38.1639099      -2.00216222    
   38.1610451      -2.01706266    
   38.1581612      -2.03195238    
   38.1552582      -2.04698086    
   38.1523399      -2.06173968    
   38.1493988      -2.07700801    
   38.1464386      -2.09150195    
   38.1434593      -2.10637903    
   38.1404610      -2.12136984    
   38.1374435      -2.13624096    
   38.1344070      -2.15106034    
   38.1313515      -2.16604161    
   38.1282768      -2.18078160    
   38.1251793      -2.19568419    
   38.1220627      -2.21051598    
   38.1189232      -2.22645497    
   38.1157684      -2.24027801    
   38.1125908      -2.25511241    
   38.1093903      -2.26998734    
   38.1061707      -2.28483129    
   38.1029320      -2.29967427    
   38.0996704      -2.31461287    
   38.0963860      -2.32945371    
   38.0930824      -2.34460711    
   38.0897560      -2.35913086    
   38.0864105      -2.37395763    
   38.0830421      -2.38881040    
   38.0796509      -2.40365100    
   38.0762367      -2.41849303    
   38.0728035      -2.43333292    
   38.0693436      -2.44819045    
   38.0658646      -2.46303201    
   38.0623627      -2.47792506    
   38.0588379      -2.49275041    
   38.0552902      -2.50752592    
   38.0517197      -2.52232194    
   38.0481224      -2.53715754    
   38.0445061      -2.55213952    
   38.0408669      -2.56685972    
   38.0372009      -2.58163476    
   38.0335121      -2.59653068    
   38.0298004      -2.61126733    
   38.0260620      -2.62609386    
   38.0223007      -2.64090466    
   38.0185165      -2.65571690    
   38.0147057      -2.67051768    
   38.0108681      -2.68562102    
   38.0070114      -2.70013046    
   38.0031242      -2.71497226    
   37.9992142      -2.72976279    
   37.9952774      -2.74454856    
   37.9913177      -2.75932264    
   37.9873314      -2.77411413    
   37.9833183      -2.78893638    
   37.9792786      -2.80377889    
   37.9752121      -2.81855154    
   37.9711227      -2.83331347    
   37.9670029      -2.84807658    
   37.9628563      -2.86289144    
   37.9586868      -2.87764406    
   37.9544868      -2.89245749    
   37.9502602      -2.90721297    
   37.9460068      -2.92198443    
   37.9417229      -2.93676591    
   37.9374161      -2.95158601    
   37.9330788      -2.96659350    
   37.9287109      -2.98107219    
   37.9243164      -2.99586415    
   37.9198952      -3.01060581    
   37.9154434      -3.02537346    
   37.9109612      -3.04012585    
   37.9064522      -3.05490685    
   37.9019127      -3.06964421    
   37.8973465      -3.08441687    
   37.8927498      -3.09981728    
   37.8881187      -3.11392307    
   37.8834610      -3.12865829    
   37.8787727      -3.14358592    
   37.8740540      -3.15813732    
   37.8693047      -3.17289805    
   37.8645248      -3.18774557    
   37.8597145      -3.20238280    
   37.8548698      -3.21718407    
   37.8499985      -3.23184180    
   37.8450928      -3.24665022    
   37.8401527      -3.26206040    
   37.8351822      -3.27609158    
   37.8301811      -3.29078746    
   37.8251457      -3.30556870    
   37.8200798      -3.32022905    
   37.8149796      -3.33494997    
   37.8098450      -3.35002804    
   37.8046799      -3.36438155    
   37.7994766      -3.37909389    
   37.7942429      -3.39381337    
   37.7889748      -3.40852022    
   37.7836723      -3.42324519    
   37.7783356      -3.43795681    
   37.7729645      -3.45273137    
   37.7675591      -3.46741581    
   37.7621155      -3.48207664    
   37.7566376      -3.49695969    
   37.7511253      -3.51147079    
   37.7455750      -3.52616906    
   37.7399902      -3.54090428    
   37.7343712      -3.55561233    
   37.7287140      -3.57025957    
   37.7230186      -3.58495235    
   37.7172890      -3.59962606    
   37.7115173      -3.61432385    
   37.7057114      -3.62901545    
   37.6998672      -3.64369321    
   37.6939850      -3.65836406    
   37.6880646      -3.67322063    
   37.6821098      -3.68771458    
   37.6761093      -3.70241880    
   37.6700745      -3.71707177    
   37.6639977      -3.73173428    
   37.6578827      -3.74640393    
   37.6517296      -3.76114798    
   37.6455345      -3.77575040    
   37.6392975      -3.79041219    
   37.6330223      -3.80506420    
   37.6267052      -3.81981063    
   37.6203499      -3.83439803    
   37.6139488      -3.84904695    
   37.6075096      -3.86369133    
   37.6010284      -3.87834358    
   37.5945015      -3.89300323    
   37.5879364      -3.90764737    
   37.5813255      -3.92230678    
   37.5746727      -3.93696451    
   37.5679779      -3.95158005    
   37.5612373      -3.96626878    
   37.5544548      -3.98085070    
   37.5476265      -3.99554014    
   37.5407562      -4.01012850    
   37.5338402      -4.02476263    
   37.5268784      -4.03945971    
   37.5198708      -4.05402088    
   37.5128212      -4.06864691    
   37.5057220      -4.08327484    
   37.4985771      -4.09788847    
   37.4913864      -4.11253262    
   37.4841499      -4.12712622    
   37.4768639      -4.14175701    
   37.4695320      -4.15638924    
   37.4621544      -4.17098570    
   37.4547272      -4.18559313    
   37.4472504      -4.20021105    
   37.4397278      -4.21481085    
   37.4321518      -4.22942352    
   37.4245300      -4.24413824    
   37.4168587      -4.25860786    
   37.4091377      -4.27321482    
   37.4013672      -4.28782225    
   37.3935432      -4.30240917    
   37.3856697      -4.31703377    
   37.3777428      -4.33161259    
   37.3697662      -4.34623861    
   37.3617401      -4.36077309    
   37.3536606      -4.37537479    
   37.3455276      -4.38994122    
   37.3373413      -4.40454769    
   37.3291016      -4.41911745    
   37.3208084      -4.43369341    
   37.3124657      -4.44826221    
   37.3040619      -4.46283960    
   37.2956085      -4.47740269    
   37.2870979      -4.49198771    
   37.2785339      -4.50655413    
   37.2699127      -4.52246952    
   37.2612343      -4.53568602    
   37.2524986      -4.55030203    
   37.2437096      -4.56482744    
   37.2348633      -4.57937765    
   37.2259560      -4.59392166    
   37.2169952      -4.60846949    
   37.2079735      -4.62303877    
   37.1988945      -4.63760614    
   37.1897545      -4.65214300    
   37.1805573      -4.66671944    
   37.1712990      -4.68121815    
   37.1619797      -4.69576502    
   37.1525993      -4.71030331    
   37.1431580      -4.72485161    
   37.1336594      -4.73983097    
   37.1240959      -4.75391817    
   37.1144714      -4.76848555    
   37.1047821      -4.78312635    
   37.0950317      -4.79752970    
   37.0852165      -4.81203318    
   37.0753403      -4.82656240    
   37.0653992      -4.84108257    
   37.0553894      -4.85561228    
   37.0453186      -4.87013388    
   37.0351830      -4.88464212    
   37.0249786      -4.89917183    
   37.0147095      -4.91366339    
   37.0043716      -4.92817163    
   36.9939690      -4.94268751    
   36.9834976      -4.95719767    
   36.9729576      -4.97170115    
   36.9623489      -4.98620319    
   36.9516716      -5.00069857    
   36.9409256      -5.01525211    
   36.9301109      -5.02974606    
   36.9192238      -5.04420996    
   36.9082680      -5.05868864    
   36.8972397      -5.07318449    
   36.8861389      -5.08766794    
   36.8749657      -5.10214853    
   36.8637199      -5.11663675    
   36.8524017      -5.13112354    
   36.8410110      -5.14561319    
   36.8295441      -5.16007996    
   36.8180046      -5.17455006    
   36.8063927      -5.18903780    
   36.7947006      -5.20349503    
   36.7829323      -5.21797085    
   36.7710876      -5.23244429    
   36.7591705      -5.24689960    
   36.7471733      -5.26135921    
   36.7350960      -5.27581787    
   36.7229424      -5.29027987    
   36.7107086      -5.30476189    
   36.6983948      -5.31920576    
   36.6860046      -5.33364344    
   36.6735306      -5.34810829    
   36.6609726      -5.36255407    
   36.6483383      -5.37699270    
   36.6356201      -5.39143991    
   36.6228180      -5.40587664    
   36.6099358      -5.42036200    
   36.5969658      -5.43475342    
   36.5839157      -5.44923449    
   36.5707779      -5.46362448    
   36.5575562      -5.47807360    
   36.5442467      -5.49248505    
   36.5308495      -5.50691366    
   36.5173683      -5.52138042    
   36.5037994      -5.53583384    
   36.4901428      -5.55017996    
   36.4763947      -5.56459856    
   36.4625587      -5.57901859    
   36.4486313      -5.59342289    
   36.4346123      -5.60784626    
   36.4205093      -5.62224960    
   36.4063072      -5.63665628    
   36.3920135      -5.65105915    
   36.3776321      -5.66545534    
   36.3631516      -5.68018675    
   36.3485794      -5.69426918    
   36.3339119      -5.70865726    
   36.3191490      -5.72305059    
   36.3042908      -5.73744059    
   36.2893372      -5.75184584    
   36.2742844      -5.76621866    
   36.2591324      -5.78059959    
   36.2438850      -5.79499197    
   36.2285385      -5.80935812    
   36.2130890      -5.82373857    
   36.1975403      -5.83811760    
   36.1818924      -5.85249043    
   36.1661415      -5.86685562    
   36.1502876      -5.88122559    
   36.1343307      -5.89558887    
   36.1182709      -5.90996122    
   36.1021080      -5.92432117    
   36.0858383      -5.93867016    
   36.0694618      -5.95303631    
   36.0529785      -5.96738672    
   36.0363884      -5.98174858    
   36.0196953      -5.99608660    
   36.0028877      -6.01047516    
   35.9859734      -6.02477646    
   35.9689484      -6.03914309    
   35.9518127      -6.05347109    
   35.9345665      -6.06780148    
   35.9172096      -6.08212614    
   35.8997383      -6.09645796    
   35.8821526      -6.11079073    
   35.8644524      -6.12511539    
   35.8466377      -6.13944483    
   35.8287048      -6.15376282    
   35.8106613      -6.16808176    
   35.7924957      -6.18240499    
   35.7742119      -6.19671154    
   35.7558136      -6.21102047    
   35.7372894      -6.22534227    
   35.7186470      -6.23963833    
   35.6998863      -6.25396490    
   35.6809998      -6.26829290    
   35.6619949      -6.28254175    
   35.6428642      -6.29683876    
   35.6236076      -6.31113386    
   35.6042252      -6.32544184    
   35.5847206      -6.33972168    
   35.5650864      -6.35400295    
   35.5453262      -6.36828279    
   35.5254364      -6.38257122    
   35.5054169      -6.39683628    
   35.4852676      -6.41111088    
   35.4649887      -6.42538118    
   35.4445763      -6.43965340    
   35.4240341      -6.45395565    
   35.4033546      -6.46818399    
   35.3825417      -6.48246145    
   35.3615913      -6.49672174    
   35.3405113      -6.51095247    
   35.3192902      -6.52520657    
   35.2979279      -6.53946495    
   35.2764320      -6.55370617    
   35.2547913      -6.56795216    
   35.2330170      -6.58218479    
   35.2110977      -6.59642220    
   35.1890335      -6.61069632    
   35.1668282      -6.62489080    
   35.1444778      -6.63912296    
   35.1219826      -6.65334082    
   35.0993423      -6.66757011    
   35.0765495      -6.68178749    
   35.0536118      -6.69600153    
   35.0305252      -6.71022844    
   35.0072937      -6.72442436    
   34.9839020      -6.73863029    
   34.9603653      -6.75283480    
   34.9366722      -6.76717424    
   34.9128227      -6.78123379    
   34.8888245      -6.79543209    
   34.8646660      -6.81022930    
   34.8403511      -6.82380819    
   34.8158760      -6.83798885    
   34.7912445      -6.85217047    
   34.7664566      -6.86634588    
   34.7415009      -6.88054800    
   34.7163849      -6.89469290    
   34.6911049      -6.90886164    
   34.6656609      -6.92303991    
   34.6400566      -6.93718958    
   34.6142807      -6.95133400    
   34.5883369      -6.96548891    
   34.5622253      -6.97963762    
   34.5359421      -6.99378490    
   34.5094910      -7.00792408    
   34.4828682      -7.02206469    
   34.4560699      -7.03620195    
   34.4291000      -7.05032492    
   34.4019547      -7.06445694    
   34.3746300      -7.07857513    
   34.3471298      -7.09269667    
   34.3194504      -7.10682106    
   34.2915916      -7.12091780    
   34.2635498      -7.13502455    
   34.2353249      -7.14913845    
   34.2069244      -7.16322660    
   34.1783295      -7.17732573    
   34.1495552      -7.19140768    
   34.1205902      -7.20549917    
   34.0914345      -7.21957779    
   34.0620956      -7.23365402    
   34.0325623      -7.24772644    
   34.0028381      -7.26179218    
   33.9729195      -7.27585697    
   33.9428062      -7.28991365    
   33.9125023      -7.30396795    
   33.8819962      -7.31801558    
   33.8512917      -7.33207369    
   33.8203888      -7.34610796    
   33.7892838      -7.36013985    
   33.7579803      -7.37417221    
   33.7264709      -7.38818979    
   33.6947556      -7.40220976    
   33.6628304      -7.41622782    
   33.6307030      -7.43023729    
   33.5983696      -7.44424057    
   33.5658188      -7.45824146    
   33.5330620      -7.47223568    
   33.5000877      -7.48623705    
   33.4668999      -7.50021124    
   33.4335022      -7.51418495    
   33.3998833      -7.52815342    
   33.3660431      -7.54212236    
   33.3319855      -7.55625772    
   33.2977028      -7.57003736    
   33.2632065      -7.58398438    
   33.2284775      -7.59792662    
   33.1935234      -7.61186552    
   33.1583443      -7.62579298    
   33.1229362      -7.63972044    
   33.0872955      -7.65363598    
   33.0514297      -7.66758966    
   33.0153236      -7.68145084    
   32.9789848      -7.69536400    
   32.9424095      -7.70924234    
   32.9055977      -7.72312737    
   32.8685493      -7.73700285    
   32.8312569      -7.75089598    
   32.7937202      -7.76474905    
   32.7559395      -7.77859735    
   32.7179184      -7.79244423    
   32.6796494      -7.80628490    
   32.6411285      -7.82011938    
   32.6023560      -7.83394718    
   32.5633316      -7.84776831    
   32.5240555      -7.86157942    
   32.4845238      -7.87538481    
   32.4447365      -7.88918352    
   32.4046860      -7.90297651    
   32.3643761      -7.91674995    
   32.3238068      -7.93052244    
   32.2829742      -7.94428444    
   32.2418747      -7.95803928    
   32.2005081      -7.97178602    
   32.1588707      -7.98552513    
   32.1169662      -7.99925518    
   32.0747910      -8.01297188    
   32.0323372      -8.02668381    
   31.9896069      -8.04038715    
   31.9465981      -8.05408192    
   31.9033108      -8.06776714    
   31.8597488      -8.08143806    
   31.8158951      -8.09510517    
   31.7717590      -8.10876083    
   31.7273350      -8.12240791    
   31.6826210      -8.13604546    
   31.6376228      -8.14967060    
   31.5923271      -8.16328812    
   31.5467358      -8.17689419    
   31.5008488      -8.19049263    
   31.4546642      -8.20407963    
   31.4081841      -8.21765423    
   31.3613968      -8.23121929    
   31.3143044      -8.24477768    
   31.2669067      -8.25832367    
   31.2192001      -8.27185822    
   31.1711826      -8.28538418    
   31.1228600      -8.29889584    
   31.0742168      -8.31239986    
   31.0252571      -8.32589340    
   30.9759808      -8.33937454    
   30.9263821      -8.35284805    
   30.8764687      -8.36630821    
   30.8262234      -8.37976551    
   30.7756500      -8.39319992    
   30.7247505      -8.40662861    
   30.6735191      -8.42004967    
   30.6219616      -8.43345547    
   30.5700626      -8.44685459    
   30.5178261      -8.46024513    
   30.4652481      -8.47362232    
   30.4123306      -8.48698997    
   30.3590736      -8.50034809    
   30.3054657      -8.51369476    
   30.2515068      -8.52703667    
   30.1972008      -8.54036427    
   30.1425400      -8.55368614    
   30.0875282      -8.56699657    
   30.0321541      -8.58030033    
   29.9764214      -8.59359837    
   29.9203243      -8.60688591    
   29.8638611      -8.62016773    
   29.8070412      -8.63344002    
   29.7498436      -8.64670849    
   29.6922722      -8.65996933    
   29.6343307      -8.67322636    
   29.5760078      -8.68648815    
   29.5173149      -8.69973278    
   29.4582348      -8.71296978    
   29.3987694      -8.72621059    
   29.3389168      -8.73945045    
   29.2786751      -8.75269127    
   29.2180481      -8.76592827    
   29.1570225      -8.77916622    
   29.0955982      -8.79240894    
   29.0337753      -8.80565453    
   28.9715500      -8.81890202    
   28.9089279      -8.83215427    
   28.8458900      -8.84541893    
   28.7824440      -8.85868454    
   28.7185841      -8.87196827    
   28.6543083      -8.88525486    
   28.5896168      -8.89855766    
   28.5245113      -8.91187382    
   28.4589767      -8.92520809    
   28.3930130      -8.93855953    
   28.3266220      -8.95193291    
   28.2598000      -8.96532917    
   28.1925507      -8.97874832    
   28.1248550      -8.99219513    
   28.0567207      -9.00567818    
   27.9881439      -9.01918411    
   27.9191189      -9.03272915    
   27.8496552      -9.04631233    
   27.7797318      -9.05993748    
   27.7093544      -9.07360649    
   27.6385174      -9.08732414    
   27.5672207      -9.10108948    
   27.4954681      -9.11490917    
   27.4232426      -9.12879086    
   27.3505459      -9.14273262    
   27.2773781      -9.15673637    
   27.2037315      -9.17081451    
   27.1296177      -9.18496513    
   27.0550117      -9.19919586    
   26.9799232      -9.21350574    
   26.9043427      -9.22790718    
   26.8282738      -9.24240017    
   26.7517185      -9.25698662    
   26.6746559      -9.27167702    
   26.5970936      -9.28647614    
   26.5190258      -9.30138588    
   26.4404507      -9.31641388    
   26.3613739      -9.33156204    
   26.2817726      -9.34684181    
   26.2016563      -9.36225319    
   26.1210175      -9.37780380    
   26.0398560      -9.39350033    
   25.9581738      -9.40934467    
   25.8759537      -9.42534733    
   25.7931976      -9.44151688    
   25.7099037      -9.45784950    
   25.6260662      -9.47435474    
   25.5416965      -9.49104118    
   25.4567661      -9.50791645    
   25.3712864      -9.52498245    
   25.2852478      -9.54224682    
   25.1986523      -9.55971336    
   25.1114922      -9.57738876    
   25.0237770      -9.59529495    
   24.9354801      -9.61338711    
   24.8466091      -9.63172340    
   24.7571602      -9.65029144    
   24.6671295      -9.66909218    
   24.5765266      -9.68815613    
   24.4853230      -9.70741940    
   24.3935242      -9.72695732    
   24.3011303      -9.74674988    
   24.2081375      -9.76680088    
   24.1145477      -9.78711510    
   24.0203400      -9.80769539    
   23.9255180      -9.82854652    
   23.8300819      -9.84967327    
   23.7340240      -9.87107754    
   23.6373539      -9.89276028    
   23.5400429      -9.91472816    
   23.4421005      -9.93698215    
   23.3435211      -9.95952320    
   23.2443008      -9.98235226    
   23.1444454      -10.0054741    
   23.0439301      -10.0288916    
   22.9427605      -10.0526085    
   22.8409348      -10.0766172    
   22.7384472      -10.1009274    
   22.6353035      -10.1255350    
   22.5314789      -10.1504459    
   22.4269791      -10.1756582    
   22.3217983      -10.2011728    
   22.2159367      -10.2269917    
   22.1093960      -10.2531128    
   22.0021515      -10.2795343    
   21.8942108      -10.3062620    
   21.7855663      -10.3332968    
   21.6762161      -10.3606329    
   21.5661678      -10.3882723    
   21.4553928      -10.4162254    
   21.3438950      -10.4444752    
   21.2316742      -10.4730330    
   21.1187229      -10.5018969    
   21.0050507      -10.5310640    
   20.8906250      -10.5605412    
   20.7754574      -10.5903234    
   20.6595402      -10.6204138    
   20.5428696      -10.6508121    
   20.4254398      -10.6815195    
   20.3072605      -10.7125320    
   20.1882992      -10.7438650    
   20.0685654      -10.7755098    
   19.9480515      -10.8074474    
   19.8267555      -10.8397121    
   19.7046833      -10.8722887    
   19.5818062      -10.9051886    
   19.4581261      -10.9384089    
   19.3336449      -10.9719486    
   19.2083549      -11.0058184    
   19.0822620      -11.0400019    
   18.9553375      -11.0745249    
   18.8275852      -11.1093826    
   18.6990051      -11.1445761    
   18.5695877      -11.1801195    
   18.4393444      -11.2159853    
   18.3082390      -11.2522154    
   18.1762810      -11.2888021    
   18.0434647      -11.3257456    
   17.9097843      -11.3630533    
   17.7752514      -11.4007444    
   17.6398277      -11.4387856    
   17.5035248      -11.4772263    
   17.3663349      -11.5160589    
   17.2282524      -11.5552874    
   17.0892906      -11.5949173    
   16.9494057      -11.6349678    
   16.8086128      -11.6754351    
   16.6669044      -11.7163353    
   16.5242767      -11.7576809    
   16.3807373      -11.7994576    
   16.2362480      -11.8417091    
   16.0908165      -11.8844252    
   15.9444427      -11.9276190    
   15.7971172      -11.9713039    
   15.6488495      -12.0154867    
   15.4996014      -12.0601873    
   15.3493824      -12.1054087    
   15.1981888      -12.1511641    
   15.0460091      -12.1974697    
   14.8928604      -12.2443295    
   14.7386951      -12.2917662    
   14.5835304      -12.3397894    
   14.4273548      -12.3884153    
   14.2701664      -12.4376612    
   14.1119537      -12.4875460    
   13.9527340      -12.5380745    
   13.7924576      -12.5891914    
   13.6311398      -12.6408701    
   13.4687729      -12.6931162    
   13.3053493      -12.7460127    
   13.1408844      -12.7996120    
   12.9753323      -12.8539553    
   12.8087006      -12.9090357    
   12.6409874      -12.9648638    
   12.4721832      -13.0214520    
   12.3023014      -13.0787859    
   12.1312943      -13.1368990    
   11.9591770      -13.1957865    
   11.7859402      -13.2554531    
   11.6115780      -13.3159132    
   11.4361019      -13.3771648    
   11.2594643      -13.4392357    
   11.0816784      -13.5021124    
   10.9027348      -13.5658216    
   10.7226295      -13.6303654    
   10.5413742      -13.6957474    
   10.3589211      -13.7619934    
   10.1752796      -13.8291054    
   9.99044418      -13.8970966    
   9.80440712      -13.9659758    
   9.61718369      -14.0357456    
   9.42871857      -14.1064301    
   9.23903275      -14.1780348    
   9.04810905      -14.2505608    
   8.85594559      -14.3240175    
   8.66255379      -14.3983994    
   8.46788597      -14.4737177    
   8.27194977      -14.5499630    
   8.07473946      -14.6271095    
   7.87624550      -14.7051382    
   7.67648888      -14.7839947    
   7.47540665      -14.8636417    
   7.27301979      -14.9439840    
   7.06931305      -15.0249043    
   6.86428642      -15.1062412    
   6.65794945      -15.1877880    
   6.45024490      -15.2692900    
   6.24119186      -15.3503857    
   6.03077698      -15.4306612    
   5.81899643      -15.5095997    
   5.60584259      -15.5866175    
   5.39132309      -15.6610785    
   5.17538452      -15.7324076    
   4.95804214      -15.8001547    
   4.73928833      -15.8642521    
   4.51910782      -15.9253054    
   4.29752731      -15.9850111    
   4.07447815      -16.0467796    
   3.84997940      -16.1164665    
   3.62401581      -16.2035103    
   3.39658737      -16.3225479    
   3.16770935      -16.4960270    
   2.93731308      -16.7587185    
   2.70542145      -17.1652412    
   2.47201920      -17.8035374    
   2.23709869      -18.8189106    
   2.00068665      -20.4597359    
   1.76269913      -23.1746483    
   1.52317047      -33.2525368    
