0 0.0547064 15.4341 0.592022 2.56936
1 0.0363216 2.92513 0.227391 2.51389
2 0.0454319 11.7134 -0.54125 2.56675
3 0.194695 18.1931 -0.0185235 2.57838
4 0.0783626 19.9991 -0.602918 2.54577
5 0.112181 13.7835 -0.237577 2.58723
6 0.0552048 4.47484 0.058359 2.57068
7 0.100368 10.0988 0.0281688 2.60017
8 0.10777 10.9624 0.0356142 2.60323
9 0.0484509 3.8741 -0.131333 2.56182
10 0.152271 17.0844 0.217295 2.57481
11 0.0742924 11.1099 -0.33513 2.58358
12 0.0491075 3.96939 0.132246 2.56386
13 0.0742317 9.56199 -0.268602 2.57462
14 0.0636582 6.21171 0.146008 2.57799
15 0.0432753 3.25759 0.142484 2.53824
16 0.0727178 7.03504 0.0883918 2.58206
17 0.00410025 4.4594 1.04407 2.42837
18 0.0873482 13.6351 -0.361103 2.5874
19 0.107931 11.9725 -0.154309 2.6049
20 0.0178788 15.0965 -0.904693 2.54229
21 0.0311914 1.59766 0.00709867 2.21561
22 0.0579392 11.4171 -0.447462 2.58476
23 0.0241128 6.21712 0.602983 2.51706
24 0.0652145 7.83955 0.252131 2.56038
25 0.0667322 7.12839 0.189041 2.5826
26 0.122284 13.1556 -0.12671 2.6043
27 0.0985392 9.88487 -0.0265578 2.5992
28 0.0717785 8.56428 0.235407 2.56667
29 0.119695 13.6475 0.184008 2.60329
30 0.20155 21.2052 -0.245237 2.54512
31 0.039157 6.92641 -0.450461 2.5527
32 0.0659485 7.30392 0.210879 2.58364
33 0.00300093 9.51777 -1.21243 2.50512
34 0.136784 15.7046 -0.212925 2.58177
35 0.264527 23.0338 -0.123625 2.52989
36 0.110566 15.9985 -0.345733 2.58047
37 0.328014 26.6941 0.16018 2.49906
38 0.082878 10.8987 -0.271975 2.58265
39 0.549888 34.9017 0.0566125 2.43792
40 0.117455 25.1072 0.607371 2.51234
41 0.0558446 4.66897 0.0861126 2.57212
42 0.0529673 4.09943 -0.0245966 2.56619
43 0.041888 4.33187 -0.288264 2.5333
44 0.0583272 11.2212 0.438369 2.58403
45 0.116863 12.6138 -0.127539 2.60491
46 0.0526547 5.55498 -0.240763 2.54345
47 0.108287 14.5624 -0.295839 2.58571
48 0.0741657 9.4093 0.261529 2.57349
49 0.0164866 2.42271 -0.498492 2.40469
50 0.0594986 14.7234 -0.543311 2.58527
51 0.0586438 36.9398 1.03368 2.42338
52 0.0590718 5.23522 -0.10567 2.57464
53 0.158947 23.7237 -0.457402 2.52405
54 0.21196 19.645 -0.0891769 2.56667
55 0.0391363 8.55496 0.498657 2.54153
56 0.0808665 14.1667 0.413313 2.58661
57 0.111544 15.336 -0.314316 2.58325
58 0.0648608 8.2594 -0.277773 2.56405
59 0.076381 7.24743 0.0127526 2.5833
60 0.106086 11.5191 -0.134989 2.60441
61 0.00529007 13.727 1.18046 2.53992
62 0.0907847 14.1955 -0.365516 2.58655
63 0.20612 19.091 -0.0620155 2.57126
64 0.0402242 9.49704 0.515458 2.55104
65 0.294295 23.9153 0.0249467 2.52243
66 0.0392548 9.5509 -0.525179 2.55155
67 0.211208 19.2422 -0.00329028 2.57002
68 0.24986 21.7776 0.0717897 2.54041
69 0.0147195 10.3596 -0.831035 2.51561
70 0.390063 33.0208 -0.313767 2.45056
71 0.12667 19.9407 -0.428399 2.55517
72 0.00273392 4.24434 -1.12992 2.42302
73 0.279354 23.3974 0.0763912 2.52682
74 0.0691222 8.20605 0.237887 2.56358
75 0.102873 12.0594 0.198718 2.60495
76 0.0270463 11.1834 -0.685325 2.564
77 0.079162 8.48184 0.158952 2.5912
78 0.00835732 12.7789 -1.04321 2.53593
79 0.0442443 3.78584 0.200958 2.55963
80 0.0711786 7.30198 0.148432 2.58363
81 0.0597186 5.51398 -0.132354 2.57553
82 0.154299 17.0738 0.207279 2.57487
83 0.0174638 1.25038 0.327934 1.97722
84 0.0719178 9.63707 0.28884 2.57516
85 0.10832 18.9677 -0.458643 2.56245
86 0.0505565 5.46216 0.260336 2.54291
87 0.0354617 8.32669 0.526725 2.53907
88 0.045786 3.69473 0.160404 2.55703
89 0.035318 3.91902 0.343787 2.52525
90 0.0408495 10.6138 -0.542741 2.56031
91 0.0368885 4.0347 -0.331744 2.52799
92 0.0312767 1.88328 -0.144348 2.3223
93 0.064389 6.19729 -0.131874 2.57793
94 0.142829 14.7612 0.098442 2.59953
95 0.0369527 2.3643 -0.107208 2.43989
96 0.00277733 3.13767 -1.02422 2.36593
97 0.00566449 10.3524 -1.07506 2.51553
98 0.0442632 7.38623 0.417419 2.55648
99 0.0604386 17.2716 0.610897 2.56227
100 0.0731673 16.5401 -0.526509 2.57781
101 0.0435694 9.31385 0.482775 2.57277
102 0.0326256 10.3493 0.606367 2.55835
103 0.488987 34.2538 -0.190638 2.44217
104 0.0257024 6.59729 0.592143 2.52066
105 0.0762346 8.77246 0.208941 2.59303
106 0.0925421 9.56386 0.100012 2.5976
107 0.0534141 4.23682 0.0612199 2.56816
108 0.0809669 13.4769 -0.387964 2.58753
109 0.0616905 5.36129 0.0495073 2.57505
110 0.112127 19.0298 -0.447232 2.562
111 0.0134152 20.565 -1.09828 2.52475
112 0.0639025 8.22863 0.284141 2.56378
113 0.0500444 8.22821 0.39669 2.56378
114 0.0402474 6.33864 -0.418283 2.54836
115 0.179418 20.0987 0.265723 2.55394
116 0.0449654 9.50491 -0.477428 2.5742
117 0.00100575 14.0862 1.57339 2.47979
118 0.036672 3.79382 -0.314909 2.52176
119 0.0603543 5.1057 -0.00950257 2.57419
120 0.0489102 3.61456 0.0513953 2.55442
121 0.0234172 7.18734 0.636496 2.52668
122 0.113102 11.5643 -0.0402367 2.60447
123 0.321322 25.3252 0.0529648 2.5105
124 0.0820218 9.6525 0.21338 2.57527
125 0.0242641 1.01946 -0.0993044 1.86645
126 0.00213842 5.11854 -1.24345 2.44045
127 0.0452862 12.147 -0.555794 2.56853
128 0.066921 8.64808 0.280136 2.56739
129 0.0738234 6.96924 -0.0383147 2.58168
130 0.215337 19.6084 -0.0492501 2.56697
131 0.0568903 4.67084 0.0437375 2.57213
132 0.351851 30.108 0.274961 2.47182
133 0.111609 20.2638 0.488049 2.55265
134 0.0336514 12.267 0.652451 2.56894
135 0.144522 18.7678 0.32649 2.56388
136 0.282242 25.2445 0.209835 2.51118
137 0.0126319 16.7288 -1.03109 2.54075
138 0.00139755 4.88346 1.33465 2.30002
139 0.148118 16.419 0.197919 2.59079
140 0.0479063 3.59893 -0.0889543 2.55388
141 0.00520012 5.26757 1.02356 2.4427
142 0.0600455 5.17771 -0.0644997 2.57445
143 0.0771915 12.3348 0.365687 2.58708
144 0.0576244 6.81587 -0.266459 2.55184
145 0.115344 11.7408 0.0121225 2.6047
146 0.164045 16.9519 0.147492 2.58734
147 0.00271723 13.3941 1.32864 2.53876
148 0.24702 22.903 0.185214 2.531
149 0.0806586 22.5219 -0.662265 2.52706
150 0.147924 15.927 -0.165831 2.59372
151 0.0358102 2.94759 -0.239053 2.5159
152 0.131558 17.2808 0.312966 2.57365
153 0.0663628 6.24541 -0.0998699 2.57813
154 0.0756152 9.20172 0.239449 2.5719
155 0.0377122 2.76234 0.176353 2.49746
156 0.0258876 28.1695 1.09094 2.48267
157 0.103834 15.2268 -0.344474 2.58365
158 0.0783797 8.18109 0.140954 2.58925
159 0.0626608 9.95889 0.365703 2.57737
160 0.0502657 6.0458 -0.300058 2.54642
161 0.192064 19.9509 -0.212709 2.55509
162 0.00240313 14.5581 1.38248 2.5418
163 0.0871547 8.58323 0.0374571 2.59184
164 0.0544018 4.54932 -0.103452 2.57129
165 0.0514495 5.14392 -0.224607 2.57433
166 0.160633 20.0137 -0.3232 2.5546
167 0.0109025 7.4321 0.866444 2.47418
168 0.0224356 3.71265 -0.509888 2.51914
169 0.126655 13.9875 -0.160307 2.60235
170 0.28926 23.8507 0.0687267 2.52298
171 0.186079 17.9469 0.0895753 2.58025
172 0.0502582 14.3792 -0.589169 2.57128
173 0.0585269 6.42598 -0.231904 2.54896
174 0.0233289 2.26458 0.360635 2.374
175 0.0703036 6.59635 -0.0640434 2.57972
176 0.0143496 11.9919 0.881309 2.53097
177 0.0746625 8.46066 -0.203071 2.59106
178 0.0309013 6.26244 0.517762 2.51748
179 0.0426464 11.7938 -0.564472 2.56711
180 0.0537757 4.97063 0.173984 2.57366
181 0.07394 9.15671 0.250318 2.57155
182 0.0903113 8.97416 0.0443877 2.59427
183 0.0469538 5.69797 -0.317026 2.5443
184 0.0299751 4.58125 0.457716 2.53639
185 0.0525375 4.97054 0.193546 2.57366
186 0.0827879 19.0537 -0.557787 2.56182
187 0.0768884 8.20809 -0.161219 2.58942
188 0.0212506 0.781529 -0.126647 1.64669
189 0.116715 16.6435 -0.345673 2.57726
190 0.195769 18.4173 -0.0610662 2.57664
191 0.0312898 14.7124 -0.742131 2.57087
192 0.0415503 12.4354 -0.592455 2.56947
193 0.00107965 2.85141 -1.19488 2.33574
194 0.0722876 6.97931 0.0885175 2.58174
195 0.104019 13.1133 -0.249352 2.58767
196 0.0732607 10.5678 -0.319727 2.581
197 0.057328 9.00005 0.367941 2.5703
198 0.0487134 7.31975 0.374739 2.55592
199 0.00900821 11.0715 0.977046 2.52315
200 0.00310166 3.49707 -1.03523 2.39239
201 0.0678912 7.22044 0.182849 2.58314
202 0.134798 19.381 -0.382616 2.55941
203 0.151388 19.4713 -0.331529 2.55874
204 0.292069 34.8754 -0.510825 2.43809
205 0.123991 12.6883 0.037855 2.60486
206 0.251967 31.0286 0.477577 2.46489
207 0.0628162 6.15649 -0.153427 2.57776
208 0.0782887 10.1566 -0.267972 2.57863
209 0.0964015 10.8566 0.171717 2.60293
210 0.0885526 9.07373 0.0991 2.59486
211 0.0837319 9.74774 -0.20518 2.59854
212 0.189835 18.0618 -0.0696356 2.57938
213 0.0694652 6.50354 0.0686315 2.57927
214 0.0785173 15.6064 -0.472734 2.58218
215 0.0831831 9.78176 0.211668 2.57618
216 0.199384 18.492 -0.0126023 2.57606
217 0.187319 18.1696 -0.105786 2.57856
218 0.226568 20.3267 -0.0552617 2.56085
219 0.175143 17.8277 0.151711 2.58114
220 0.0331527 11.4249 -0.632088 2.56533
221 0.222377 20.1363 0.0661413 2.55365
222 0.251421 23.6827 -0.215809 2.5244
223 0.0574452 6.25265 -0.232346 2.54777
224 0.160017 21.2212 0.371078 2.54499
225 0.0105429 4.51676 0.79317 2.50033
226 0.199916 19.4948 -0.148555 2.55856
227 0.0951246 9.4866 -0.0260254 2.59719
228 0.0498241 6.02853 0.303867 2.54631
229 0.0451657 5.5482 -0.328662 2.54341
230 0.0697279 6.38992 -0.0037992 2.57875
231 0.0878715 8.66254 0.0363679 2.59235
232 0.00169656 7.68951 1.35354 2.37024
233 0.365054 27.3034 -0.0483896 2.49405
234 0.114469 13.686 0.219035 2.58734
235 0.484129 37.4879 -0.30612 2.42244
236 0.00839031 7.82631 -0.942235 2.48026
237 0.535527 36.4005 -0.200604 2.42857
238 0.0207854 3.45521 0.516914 2.50862
239 0.0348281 18.9081 0.815435 2.55301
240 0.0200559 0.888681 -0.195672 1.75269
241 0.109377 14.3228 -0.279542 2.58628
242 0.0322868 3.01813 -0.303594 2.48
243 0.0496391 8.27491 -0.40166 2.56418
244 0.0779539 10.6481 0.292747 2.58142
245 0.167371 16.9366 -0.124526 2.58744
246 0.0687013 7.36615 -0.18509 2.58402
247 0.0551092 5.2598 -0.182343 2.57472
248 0.0548395 4.52542 -0.0857911 2.5711
249 0.0357113 2.22822 -0.106987 2.41295
250 0.0933588 15.6392 -0.406416 2.58205
251 0.0345239 13.2305 0.672981 2.57113
252 0.0182231 4.71293 -0.639031 2.50299
253 0.23959 40.244 -0.487743 2.40679
254 0.109941 15.6168 0.333052 2.58214
255 0.061456 15.4847 0.554787 2.58267
256 0.0907932 9.06733 0.0536982 2.59482
257 0.0169845 12.4718 -0.85019 2.56958
258 0.00682604 17.0406 -1.18708 2.54002
259 0.0251313 2.74357 0.384897 2.45191
260 0.0378336 6.99191 0.465777 2.55323
261 0.0724266 7.35656 0.136436 2.58396
262 0.0701815 25.6706 -0.781528 2.50218
263 0.0928674 13.1271 -0.3118 2.58767
264 0.0595406 8.42499 0.328382 2.56548
265 0.0603276 13.4257 0.498787 2.58757
266 0.000231356 10.0991 1.80809 2.4249
267 0.0237283 10.0951 0.693745 2.55633
268 0.0769917 9.50784 0.245065 2.57423
269 0.111101 11.6245 -0.0885627 2.60456
270 0.157391 23.343 -0.449528 2.52728
271 0.0744031 7.2159 -0.0818074 2.58311
272 0.0301593 3.86567 -0.409465 2.52384
273 0.0543235 5.46422 -0.211953 2.57538
274 0.080176 14.0443 0.412453 2.58683
275 0.292032 26.9964 -0.269831 2.49657
276 0.023389 1.21163 -0.187088 2.00716
277 0.00399299 1.76444 0.78208 2.18109
278 0.0260154 5.30729 -0.545118 2.50908
279 0.0717352 8.32956 0.22164 2.59021
280 0.0836481 8.12232 -0.0100204 2.58886
281 0.0287674 3.27595 -0.381255 2.49882
282 0.00697566 0.636008 -0.497275 1.35908
283 0.0902797 10.0726 -0.170491 2.60006
284 0.00343688 5.21684 1.12935 2.44195
285 0.045462 4.80311 -0.277461 2.53848
286 0.0313879 2.68134 -0.278486 2.48792
287 0.0771319 15.9607 -0.490338 2.58065
288 0.0519731 4.1636 0.0944098 2.56717
289 0.00366207 1.13547 0.719225 1.84272
290 0.0801341 12.914 -0.371427 2.58763
291 0.101629 15.5662 0.367468 2.58235
292 0.0904197 9.06141 -0.0620028 2.59479
293 0.0352587 6.96588 0.491257 2.52437
294 0.11461 12.0738 -0.0967444 2.60496
295 0.152687 15.1611 0.0108501 2.59774
296 0.0221286 2.11791 -0.363224 2.3401
297 0.0454701 7.32148 -0.404193 2.55593
298 0.132477 13.4458 -0.0138794 2.60375
299 0.0861843 8.45553 0.0329626 2.59103
300 0.120002 12.8519 -0.119488 2.60471
301 0.0316504 3.54002 0.363141 2.5125
302 0.0197686 19.8888 -0.987129 2.54653
303 0.143219 17.9875 -0.298773 2.56922
304 0.0352173 12.494 -0.645495 2.56964
305 0.0967774 9.78903 -0.057768 2.59874
306 0.113284 11.8474 -0.0866228 2.60481
307 0.0420756 8.85606 0.481682 2.56912
308 0.0290505 12.088 -0.690636 2.56831
309 0.0163707 2.69983 -0.528481 2.44649
310 0.0697651 6.39423 -0.00305932 2.57877
311 0.00238862 7.89973 -1.26601 2.37538
312 0.0209981 1.04994 -0.209907 1.89074
313 0.0369239 5.06957 -0.3978 2.54046
314 0.185854 17.6304 -0.0312788 2.58259
315 0.0833452 8.2281 0.0634208 2.58955
316 0.0956293 14.3373 -0.347478 2.58625
317 0.152415 25.0783 -0.513991 2.51258
318 0.203461 18.9367 0.064698 2.57251
319 0.0529906 4.40275 -0.113365 2.57002
320 0.238898 25.6464 -0.334475 2.5078
321 0.0761182 15.3836 -0.477126 2.58307
322 0.135014 15.4062 -0.204396 2.58298
323 0.0853011 20.8455 -0.598757 2.53973
324 0.0882616 8.81616 -0.0642737 2.5933
325 0.0146764 3.06647 0.595202 2.44245
326 0.0238226 1.16497 -0.163299 1.9756
327 0.0107942 6.86352 0.861376 2.46553
328 0.163253 18.2023 -0.231375 2.56779
329 0.0277293 1.74256 -0.199859 2.27392
330 0.177723 17.7148 -0.126905 2.58197
331 0.0297173 22.4015 0.940791 2.52799
332 0.153983 16.8971 0.197969 2.58771
333 0.0678494 9.07311 0.292958 2.57088
334 0.0478286 3.42372 0.00631945 2.54681
335 0.0303734 5.20108 -0.483598 2.54132
336 0.022996 7.91774 0.656598 2.5346
337 0.0944288 9.94938 -0.117263 2.59951
338 0.0366571 7.13615 -0.482056 2.55439
339 0.169805 19.5491 -0.273059 2.55816
340 0.00387124 7.12409 1.13892 2.46946
341 0.060483 6.3089 -0.19981 2.5784
342 0.0709983 6.87002 -0.0985641 2.58114
343 0.116157 23.6483 -0.572212 2.52469
344 0.0390992 12.2929 0.607317 2.56903
345 0.354792 35.8597 0.448401 2.43185
346 0.0558544 4.65381 0.0823812 2.57202
347 0.0410427 2.85953 -0.11562 2.50768
348 0.0474311 6.74798 -0.363275 2.55132
349 0.0872127 9.31865 -0.141965 2.59627
350 0.189893 17.9951 0.0569742 2.57988
351 0.0508201 3.92271 -0.0730495 2.5629
352 0.0760942 7.401 0.0761395 2.58424
353 0.0408304 9.25951 0.503572 2.54876
354 0.0137123 4.91844 0.736316 2.50534
355 0.270831 33.0993 -0.499373 2.45001
356 0.132124 13.6863 -0.0807009 2.60319
357 0.0135467 0.790302 0.336318 1.5964
358 0.0577619 5.3275 -0.14562 2.57494
359 0.0952863 10.6059 0.163676 2.60214
360 0.0612112 5.48929 0.096039 2.57545
361 0.109756 15.7601 -0.339873 2.58154
362 0.269458 22.6338 -0.0252034 2.54034
363 0.0778701 7.94107 -0.122135 2.58768
364 0.0308616 1.72879 0.112045 2.26877
365 0.157731 18.3642 -0.261197 2.56669
366 0.0142961 4.26089 0.690234 2.49597
367 0.0231125 6.8508 -0.633167 2.52319
368 0.00852911 11.007 0.989305 2.52253
369 0.0153312 0.705895 -0.274916 1.50369
370 0.0560268 4.71318 0.0901814 2.57239
371 0.0131133 6.12893 0.789394 2.45487
372 0.0190774 5.76379 -0.665683 2.51304
373 0.0947781 10.4292 -0.155284 2.60151
374 0.0576279 4.85571 -0.0705581 2.57315
375 0.0946651 11.1316 -0.20255 2.60365
376 0.0383128 7.83882 -0.486309 2.53374
377 0.0578289 6.84654 0.266173 2.55208
378 0.0221818 4.9917 0.587143 2.5061
379 0.0021602 6.81404 -1.28781 2.34876
380 0.0213397 2.74875 -0.44623 2.45253
381 0.0698792 6.44725 0.0345516 2.57901
382 0.0659682 7.74566 -0.23943 2.55957
383 0.0462449 5.56579 0.317495 2.54352
384 0.0120619 3.81041 0.711143 2.48424
385 0.0236974 3.8099 0.497498 2.52224
386 0.186902 23.7088 -0.38704 2.52418
387 0.0736383 7.01543 -0.0601261 2.58194
388 0.0520529 5.13063 0.215168 2.57428
389 0.160021 16.5842 0.142358 2.58975
390 0.145823 15.9313 -0.1784 2.5937
391 0.000269966 6.76152 1.80046 2.34747
392 0.0299021 4.50282 -0.454243 2.53552
393 0.00510894 5.23791 1.0271 2.44226
394 0.127291 15.272 -0.23693 2.58348
395 0.0306717 4.68424 -0.454347 2.53742
396 0.0770815 7.8835 0.127139 2.58731
397 0.0557457 12.446 -0.495128 2.58724
398 0.00558979 12.7102 -1.14049 2.53556
399 0.0882839 8.68703 -0.0258607 2.5925
400 0.0862243 12.0124 0.301113 2.58647
401 0.0610028 9.84504 0.372782 2.57661
402 0.0134991 9.04112 0.827798 2.49851
403 0.05986 8.06629 0.31009 2.56237
404 0.0317941 10.5964 0.621047 2.56019
405 0.028945 6.38548 0.545205 2.51863
406 0.0806097 26.6638 -0.763494 2.49435
407 0.042112 3.29982 -0.174452 2.54062
408 0.0743227 7.94494 0.168068 2.58771
409 0.0236728 6.57715 0.618863 2.52046
410 0.0824839 7.99872 -0.0226502 2.58806
411 0.00443822 3.26385 -0.926953 2.37646
412 0.0606429 6.23324 -0.191558 2.57808
413 0.0669744 10.4496 0.355598 2.58035
414 0.0348575 7.50909 0.511169 2.53014
415 0.0187658 7.64639 0.712605 2.53163
416 0.00264561 9.96496 -1.24834 2.51089
417 0.049731 12.3559 0.531263 2.58712
418 0.0916439 20.0733 -0.552751 2.55414
419 0.107339 12.8635 -0.215865 2.58761
420 0.00644333 1.26779 0.611356 1.9335
421 0.0497884 25.6265 0.876226 2.50253
422 0.0364076 2.25572 0.0907886 2.41875
423 0.194078 20.4606 0.232963 2.5511
424 0.0932191 11.0308 0.20754 2.58324
425 0.0784151 7.75265 -0.0871445 2.58646
426 0.0575947 4.85139 -0.0704476 2.57313
427 0.386745 28.6834 0.105702 2.48292
428 0.123103 16.3127 -0.306005 2.57897
429 0.086092 24.0845 0.68173 2.51477
430 0.0459543 3.40943 0.104077 2.54615
431 0.0133808 5.8215 -0.775406 2.51354
432 0.0807579 11.9617 0.33079 2.58636
433 0.0400638 7.52255 0.460656 2.55764
434 0.0404994 3.84455 0.265154 2.52325
435 0.189924 19.951 0.221034 2.55509
436 0.0550045 7.0799 0.306411 2.55393
437 0.0912388 31.142 0.82343 2.46068
438 0.0781318 12.5101 -0.367125 2.58732
439 0.161716 16.4023 -0.113177 2.59089
440 0.0449803 17.4126 -0.705146 2.56156
441 0.0355221 6.34164 0.468263 2.54838
442 0.355814 33.3415 0.377769 2.44834
443 0.0738165 6.93699 0.0230118 2.5815
444 0.00290562 11.7749 -1.26887 2.52932
445 0.0776407 8.21365 -0.152989 2.58946
446 0.0683585 7.79055 -0.219189 2.58671
447 0.602348 37.0766 0.0277426 2.42467
448 0.0547743 6.84089 -0.296463 2.55203
449 0.132024 13.9191 0.110281 2.60255
450 0.0914543 14.061 0.356978 2.5868
451 0.187711 24.5311 0.412175 2.51721
452 0.214231 21.4491 0.214889 2.54312
453 0.0567209 8.52922 0.354659 2.56638
454 0.052471 4.44902 0.132861 2.57045
455 0.0250888 5.20957 0.553914 2.5082
456 0.00431201 9.04972 -1.12065 2.49863
457 0.043476 4.38289 0.270989 2.53401
458 0.0868054 9.13396 0.129704 2.59522
459 0.286231 24.7388 0.167348 2.51545
460 0.0956132 15.8189 0.402916 2.58128
461 0.0970176 9.72847 -0.0348843 2.59844
462 0.0665567 8.7323 0.286983 2.56809
463 0.0563248 5.94759 0.223891 2.57697
464 0.273831 29.4588 0.394831 2.47683
465 0.0897454 8.98182 0.0620498 2.59431
466 0.0422646 7.77054 -0.448093 2.55978
467 0.205659 20.9767 0.219538 2.54697
468 0.0533601 16.5434 0.630475 2.56557
469 0.0463307 7.30755 -0.395799 2.55581
470 0.108457 11.033 -0.0347883 2.60341
471 0.0369307 6.23056 0.44909 2.54762
472 0.0715251 7.16926 -0.12896 2.58284
473 0.0860066 9.60018 -0.176092 2.59779
474 0.0569533 14.7618 -0.559199 2.57079
475 0.000349975 3.37997 -1.5025 2.22507
476 0.0527338 4.43343 0.124589 2.57031
477 0.201595 20.1664 -0.187545 2.55342
478 0.045191 6.00742 0.352251 2.54618
479 0.0796033 7.97037 -0.0979766 2.58787
480 0.0730372 16.419 -0.523615 2.57843
481 0.263523 24.7825 0.238418 2.51508
482 0.165757 16.2086 0.0345672 2.59208
483 0.0206363 5.958 -0.646489 2.51474
484 0.207525 21.2536 -0.22781 2.54472
485 0.0284675 11.7009 0.685328 2.56669
486 0.105373 13.974 0.283586 2.58695
487 0.186105 23.6806 -0.38808 2.52442
488 0.0538054 8.47579 0.375476 2.56592
489 0.0603477 18.0677 -0.63321 2.55804
490 0.0538612 4.89398 -0.164036 2.57333
491 0.0752609 18.1767 0.564549 2.56796
492 0.0212581 6.7966 -0.658534 2.52264
493 0.102394 15.1058 -0.34633 2.58407
494 0.0472163 7.9198 -0.409678 2.56108
495 0.0343102 11.2434 -0.616366 2.56434
496 0.0368022 9.01092 -0.531951 2.54628
497 0.0524403 6.72859 -0.313688 2.55117
498 0.133527 14.3169 -0.135712 2.60126
499 0.0999912 12.5286 0.243465 2.58734
500 0.0252244 11.3979 0.711406 2.56519
501 0.110427 11.8153 0.117802 2.60478
502 0.0645976 15.5822 0.540949 2.58228
503 0.21061 19.8436 -0.11992 2.56499
504 0.0495287 5.54049 -0.278035 2.54337
505 0.0698749 6.42116 -0.0191948 2.57889
506 0.094351 14.9019 0.375348 2.58474
507 0.0839868 9.64145 0.196404 2.598
508 0.180795 17.3256 0.045776 2.58477
509 0.035408 3.57622 -0.313338 2.51403
510 0.0469459 6.52356 -0.358273 2.54966
511 0.00915281 17.8785 1.13359 2.53744
512 0.0606424 5.17047 -0.0310968 2.57442
513 0.12677 12.9181 -0.0211907 2.60463
514 0.0229294 0.889118 -0.101456 1.7531
515 0.0983323 13.1069 0.281144 2.58767
516 0.065616 8.00852 0.257966 2.56186
517 0.0228283 10.071 0.704148 2.55613
518 0.0563264 6.76315 -0.276732 2.55144
519 0.103534 11.0857 0.122603 2.60354
520 0.0318938 5.95432 0.495376 2.54585
521 0.0294453 20.9797 -0.910558 2.53875
522 0.0468308 5.59569 -0.312541 2.54369
523 0.522008 35.7557 -0.198976 2.43249
524 0.0468243 9.09735 0.450605 2.57108
525 0.0326636 10.9561 0.623055 2.56261
526 0.0715604 6.69087 -0.0433721 2.58019
527 0.0275208 5.59472 -0.536307 2.51159
528 0.0663562 6.67448 0.1534 2.58011
529 0.0671928 11.5197 -0.393785 2.58511
530 0.0229598 0.813022 -0.0575763 1.67914
531 0.0509273 3.966 -0.0810055 2.56379
532 0.0779624 15.366 -0.467745 2.58313
533 0.0812642 21.4283 0.630571 2.53542
534 0.111059 11.3595 0.0450256 2.60413
535 0.0329182 2.18528 -0.172419 2.40353
536 0.0119724 3.55478 -0.694512 2.474
537 0.173724 19.9748 0.279006 2.55491
538 0.00190906 18.158 -1.49162 2.53641
539 0.0319334 9.79343 0.597921 2.55375
540 0.130047 18.5751 0.369364 2.56524
541 0.00863967 9.89987 -0.960689 2.51008
542 0.0752046 13.609 -0.422822 2.58742
543 0.0450081 18.2312 -0.726027 2.55711
544 0.0524612 11.6879 0.491833 2.58564
545 0.0376409 12.6752 -0.630487 2.57011
546 0.048351 4.3253 0.19379 2.56922
547 0.125535 14.9365 0.227642 2.58463
548 0.176587 20.6768 0.300393 2.54938
549 0.264268 22.3347 0.0168957 2.54304
550 0.101201 10.1612 -0.00597223 2.60044
551 0.0730367 11.7046 0.365767 2.58569
552 0.0570408 8.88264 -0.365696 2.56934
553 0.0562451 4.85288 -0.110342 2.57313
554 0.111937 11.7969 0.0985203 2.60476
555 0.128522 15.4861 -0.242259 2.58267
556 0.202107 18.7042 0.0315107 2.57438
557 0.00452295 4.89224 1.04351 2.4368
558 0.207518 28.1891 0.480878 2.48687
559 0.0147516 1.17181 0.373932 1.92462
560 0.0117556 8.6311 0.85961 2.49252
561 0.233365 22.8999 -0.230182 2.53102
562 0.115967 11.888 -0.0443719 2.60484
563 0.0654322 6.83552 -0.180763 2.58095
564 0.00162673 11.2704 1.38979 2.4461
565 0.155251 15.4672 -0.050978 2.59622
566 0.0725471 13.6794 -0.439306 2.58735
567 0.541489 34.4558 0.0138995 2.44083
568 0.031774 11.6146 0.650412 2.56629
569 0.0488607 5.65577 -0.292964 2.54405
570 0.0286448 3.84759 -0.42903 2.52333
571 0.19544 18.2505 -0.0239387 2.57794
572 0.070077 6.59213 -0.0701021 2.5797
573 0.0147489 4.58807 -0.698728 2.50136
574 0.115452 12.6385 -0.142388 2.60489
575 0.172578 17.7694 -0.161512 2.58157
576 0.0844987 9.56557 -0.187123 2.59761
577 0.0918466 9.61837 -0.115623 2.59789
578 0.0673127 6.68033 0.139494 2.58014
579 0.0533234 9.48209 0.414134 2.57404
580 0.213125 27.8849 -0.461279 2.48932
581 0.00657052 1.99162 -0.697739 2.25747
582 0.0859636 9.97885 0.200996 2.59964
583 0.144535 16.4987 0.220354 2.57802
584 0.0902896 9.3964 0.112407 2.5967
585 0.0811853 14.7774 -0.432817 2.58511
586 0.0474631 5.74082 -0.313753 2.54455
587 0.0389477 4.13519 0.31212 2.53003
588 0.137745 16.6259 0.257776 2.57736
589 0.0340293 2.30857 -0.171872 2.42938
590 0.0889569 10.599 0.214265 2.58116
591 0.0945226 10.1088 0.13152 2.60022
592 0.0341916 2.86574 0.255576 2.50829
593 0.213795 21.4529 0.21674 2.54309
594 0.0721809 7.95274 0.191977 2.58776
595 0.0424167 4.26406 0.275607 2.53227
596 0.121688 19.4218 0.42749 2.55911
597 0.0320993 3.38931 -0.343431 2.50529
598 0.0102381 8.5677 -0.896096 2.49158
599 0.0640375 5.7295 -0.0615694 2.57622
600 0.0174283 2.14863 -0.450885 2.34768
601 0.179356 17.4164 0.0799986 2.58413
602 0.00108814 5.32565 1.42317 2.31217
603 0.0572085 5.03915 -0.11764 2.57394
604 0.125405 22.5298 -0.513085 2.53414
605 0.371117 27.6781 0.0668154 2.491
606 0.00296653 23.9406 -1.49311 2.5033
607 0.0494099 4.31539 -0.174539 2.56911
608 0.0468115 18.5053 -0.721428 2.55549
609 0.0156573 1.98892 0.466235 2.3053
610 0.0198586 6.16096 0.664492 2.51655
611 0.106244 12.5438 0.204434 2.58736
612 0.0529958 4.71579 -0.158531 2.5724
613 0.108886 11.0277 0.00071311 2.6034
614 0.13662 17.0353 0.2824 2.57509
615 0.00550667 2.35119 -0.780148 2.34553
616 0.0564114 14.3052 0.548786 2.58632
617 0.0588952 5.90489 -0.186939 2.57682
618 0.0213332 3.61325 0.520015 2.51551
619 0.0792048 8.86991 -0.188221 2.59364
620 0.0313204 10.3084 0.617692 2.55803
621 0.0343835 7.40464 -0.513176 2.52901
622 0.0691871 7.36203 -0.179154 2.584
623 0.0308764 27.2169 -1.03129 2.49003
624 0.0158163 10.0111 0.803369 2.51147
625 0.0569889 6.8129 -0.272753 2.55182
626 0.0858352 8.57045 0.0724526 2.59176
627 0.0760562 8.46674 -0.190156 2.5911
628 0.516903 34.5159 -0.138343 2.44044
629 0.0447162 5.20723 -0.313884 2.54136
630 0.0442602 3.13403 -0.0860635 2.53044
631 0.0531099 5.01898 -0.189556 2.57386
632 0.140052 20.9784 -0.421302 2.54696
633 0.0871692 9.23885 -0.135176 2.59582
634 0.0184245 0.405708 -0.0866955 1.15399
635 0.148623 25.2884 0.529456 2.51081
636 0.13184 21.623 -0.46645 2.54169
637 0.0525031 8.76353 -0.39581 2.56835
638 0.211937 21.8294 0.242533 2.53998
639 0.067872 7.69777 0.217932 2.58611
640 0.0236512 3.46168 0.472468 2.50893
641 0.047821 3.91433 -0.151513 2.56272
642 0.0220018 3.85312 -0.526398 2.52349
643 0.0977927 26.0772 0.691213 2.50419
644 0.0718612 7.31918 0.140629 2.58373
645 0.189724 19.8212 0.214441 2.55609
646 0.0930173 30.0187 0.795528 2.4688
647 0.0236158 4.10399 0.518099 2.52943
648 0.0428365 2.85893 0.0393119 2.50762
649 0.0749574 8.82149 -0.223133 2.56884
650 0.0872982 16.0007 0.445496 2.58046
651 0.071819 12.662 -0.407836 2.58748
652 0.0364308 6.11245 -0.450045 2.54685
653 0.350232 31.402 0.325644 2.46213
654 0.0869077 8.50502 0.0118409 2.59134
655 0.0463451 4.79415 0.265168 2.5384
656 0.0273475 1.21332 -0.0110523 2.00827
657 0.0762468 7.24123 -0.0222823 2.58326
658 0.0769912 8.39395 -0.175312 2.59063
659 0.0787254 7.533 -0.00905042 2.58506
660 0.0513854 3.88331 0.0191428 2.56203
661 0.226536 23.8124 0.291393 2.5233
662 0.0215463 1.33836 -0.256446 2.08532
663 0.0661905 19.7052 0.648802 2.54779
664 0.163139 29.1497 -0.597481 2.47924
665 0.00597873 2.66913 0.795242 2.39863
666 0.035843 12.3449 -0.635688 2.56919
667 0.0845603 8.30616 -0.0470452 2.59006
668 0.041134 3.30545 -0.193903 2.54092
669 0.0695976 7.67162 0.198413 2.58594
670 0.0824725 8.05252 -0.0454981 2.58841
671 0.0428124 3.74167 -0.219493 2.55841
672 0.0728367 8.48957 -0.221584 2.59125
673 0.131846 16.0872 0.257449 2.58006
674 0.196417 18.5888 0.0821342 2.5753
675 0.497252 37.8962 0.286135 2.42034
676 0.0184463 6.26084 -0.690178 2.51746
677 0.0570577 10.628 -0.426632 2.58131
678 0.0749368 7.2122 -0.067473 2.58309
679 0.0111105 8.68424 0.875566 2.49331
680 0.0156982 3.57 0.615692 2.47471
681 0.0731694 10.2158 0.305583 2.57899
682 0.0267448 1.28796 0.105908 2.0555
683 0.0610365 6.10267 -0.174619 2.57755
684 0.0393056 9.61956 0.526672 2.55218
685 0.0484424 7.06738 -0.367061 2.55383
686 0.0281009 16.6204 -0.818924 2.56525
687 0.0504035 4.27511 -0.150777 2.56864
688 0.0667092 13.5939 0.467982 2.58744
689 0.189451 19.4276 -0.192468 2.55907
690 0.0324819 3.27053 0.326664 2.49848
691 0.0506061 11.6694 -0.503684 2.58558
692 0.0816203 8.40429 0.121096 2.5907
693 0.010655 4.67462 0.798268 2.50251
694 0.268281 24.5797 -0.214234 2.5168
695 0.255587 22.1185 0.0756123 2.53758
696 0.0827065 8.2031 -0.0740329 2.58939
697 0.360606 40.2613 -0.220468 2.40822
698 0.0665565 19.723 0.647475 2.54767
699 0.0530773 11.2864 0.474799 2.58429
700 0.207513 20.1853 0.163053 2.55327
701 0.074963 7.18902 -0.0610196 2.58295
702 0.0787563 16.4474 -0.497857 2.57829
703 0.10839 11.7451 -0.131942 2.60471
704 0.0469196 8.2329 0.42257 2.56382
705 0.166347 18.3778 0.228058 2.5666
706 0.105073 12.2866 -0.197012 2.60501
707 0.01103 6.31145 0.844846 2.45746
708 0.0470532 11.9878 0.538156 2.56792
709 0.212877 19.8469 0.106088 2.56496
710 0.0763694 10.4747 0.295511 2.58049
711 0.00754848 10.3203 1.00356 2.51516
712 0.0993259 22.5634 0.595743 2.53386
713 0.00150403 3.34259 -1.18344 2.38231
714 0.0881637 9.88049 0.17595 2.59918
715 0.092201 12.3235 -0.280065 2.58707
716 0.103119 14.4206 -0.314713 2.58606
717 0.0312108 2.82822 0.298945 2.46161
718 0.00389928 5.37178 -1.10304 2.44422
719 0.0225962 12.4044 0.771014 2.56938
720 0.0357326 5.45328 0.430572 2.54285
721 0.0207524 10.1179 -0.732059 2.55651
722 0.020369 11.5661 -0.775709 2.56605
723 0.0530591 4.09799 -0.00459983 2.56616
724 0.0104945 4.41804 -0.789073 2.49879
725 0.172128 17.9204 -0.174492 2.56966
726 0.129057 13.2436 -0.0540881 2.60415
727 0.0215247 2.74875 0.443185 2.45253
728 0.0630806 18.063 -0.619016 2.55807
729 0.0332632 7.83288 -0.536058 2.53367
730 0.082834 10.4555 -0.25088 2.58038
731 0.0512534 4.20247 -0.121265 2.56771
732 0.010953 1.77492 0.543341 2.18504
733 0.123865 16.9684 -0.33022 2.57547
734 0.0381383 11.7388 0.598365 2.56687
735 0.0952826 17.3213 0.454856 2.57341
736 0.0249406 2.80712 0.394372 2.45928
737 0.10371 12.3253 -0.208703 2.58707
738 0.188916 17.8389 -0.0321174 2.58105
739 0.0227491 7.70414 -0.655877 2.53226
740 0.0694999 7.17562 0.158697 2.58287
741 0.0831429 8.63351 0.125323 2.59216
742 0.0739274 7.08485 0.0678962 2.58234
743 0.0201675 7.90744 0.695747 2.53449
744 0.105705 11.022 0.0889331 2.60338
745 0.0600785 8.63002 -0.332725 2.56723
746 0.024366 1.48454 0.223078 2.16322
747 0.244092 24.6854 -0.284167 2.5159
748 0.110687 26.622 0.665953 2.49468
749 0.0620796 5.50143 -0.0733659 2.57549
750 0.151448 15.2429 -0.0662171 2.59734
751 0.0825127 13.566 -0.383272 2.58746
752 0.0150538 6.14293 -0.748969 2.51639
753 0.0244053 3.39478 0.455691 2.50557
754 0.160285 21.3037 -0.373337 2.54431
755 0.0418285 2.71752 0.00454754 2.4923
756 0.0380265 3.37198 -0.253951 2.54436
757 0.0677513 7.37162 -0.196217 2.58406
758 0.00179835 3.30142 -1.13955 2.37932
759 0.107944 11.3838 -0.101853 2.60418
760 0.14367 15.8631 0.186034 2.59408
761 0.316118 31.4181 -0.38251 2.46201
762 0.0475643 4.22101 -0.195363 2.56796
763 0.0297135 4.02336 0.426695 2.52774
764 0.0514797 10.2092 -0.451047 2.57895
765 0.018969 5.88467 0.671168 2.51409
766 0.00570967 26.602 -1.39576 2.48484
767 0.0547796 4.53921 0.090806 2.57121
768 0.0243161 10.1312 -0.687608 2.55662
769 0.0120661 1.45792 -0.476184 2.09687
770 0.0303271 3.12822 -0.344495 2.4888
771 0.0555557 5.91774 -0.23119 2.54562
772 0.230576 20.4506 -0.0249221 2.55978
773 0.0274794 1.71559 -0.200009 2.26376
774 0.12753 13.0005 0.0268863 2.60453
775 0.122134 18.1167 -0.38048 2.56836
776 0.211467 22.4147 0.271494 2.5351
777 0.0356682 6.15951 -0.460173 2.54716
778 0.0317474 1.67792 -0.0428478 2.24905
779 0.0369113 3.50473 -0.284653 2.51094
780 0.079405 7.64387 0.030649 2.58576
781 0.113525 12.3653 -0.136682 2.605
782 0.0922404 9.49428 -0.0958056 2.59723
783 0.117363 12.1392 -0.0655424 2.60498
784 0.0977117 12.7071 0.265868 2.58752
785 0.176235 16.974 -0.0370982 2.58719
786 0.0294892 5.0051 -0.485794 2.54002
787 0.0418818 3.5851 0.216703 2.55339
788 0.0549018 4.35009 0.0112887 2.56949
789 0.0348811 2.0007 -0.0439008 2.35723
790 0.0607878 6.7842 0.230909 2.5516
791 0.121808 12.7902 -0.0932915 2.60477
792 0.0560365 9.18448 0.384112 2.57177
793 0.0394392 8.69517 0.499832 2.54301
794 0.237688 21.2687 -0.097057 2.5446
795 0.117855 26.5899 -0.644285 2.49993
796 0.0810479 29.2679 -0.819381 2.47436
797 0.017114 1.12284 0.31382 1.88955
798 0.0273443 5.53259 0.53624 2.51105
799 0.0125386 1.15628 -0.422103 1.9137
800 0.30287 24.4235 0.0504809 2.51812
801 0.0441103 5.95258 0.361103 2.54584
802 0.0610324 5.42825 -0.0895743 2.57526
803 0.066201 7.61816 -0.229237 2.55846
804 0.0607189 19.5836 -0.672301 2.54861
805 0.0528631 6.2063 -0.281119 2.54746
806 0.121795 12.7902 0.0933546 2.60477
807 0.0295792 4.64833 -0.466577 2.53708
808 0.0362962 2.40932 -0.138368 2.44788
809 0.0161296 3.05676 -0.56564 2.48323
810 0.0625965 9.09676 -0.332841 2.57107
811 0.0981863 10.5184 0.128364 2.60184
812 0.0041502 2.98178 -0.914558 2.35069
813 0.17628 16.9932 0.0410872 2.58706
814 0.0859246 12.7449 -0.333447 2.58754
815 0.0717015 6.65438 0.0135843 2.58001
816 0.095403 9.7256 -0.0752871 2.59843
817 0.0562044 5.44087 0.183209 2.5753
818 0.0127436 10.8037 0.880567 2.52047
819 0.234598 24.5552 -0.301881 2.51701
820 0.105547 13.7669 0.273029 2.58725
821 0.0381265 9.70304 -0.539123 2.55294
822 0.235105 23.0403 -0.231993 2.52984
823 0.0845423 16.5617 0.475669 2.57769
824 0.105807 14.9223 0.323257 2.58467
825 0.331942 29.6957 -0.296481 2.47499
826 0.0570856 6.66235 -0.263004 2.55068
827 0.081698 7.88793 0.00160339 2.58734
828 0.0560634 7.14136 0.299464 2.55444
829 0.0994341 13.691 0.301687 2.58734
830 0.0312394 16.1563 -0.778636 2.56708
831 0.0639238 12.3304 0.441593 2.58708
832 0.255458 28.0005 0.382809 2.48839
833 0.117213 12.7482 -0.136123 2.60481
834 0.0695726 8.11242 -0.228061 2.56277
835 0.139298 21.9792 0.455976 2.53874
836 0.0766891 11.6469 0.341997 2.58552
837 0.126941 13.6364 0.12932 2.60332
838 0.113191 11.5393 -0.0288072 2.60444
839 0.0558042 4.48483 0.0238946 2.57077
840 0.0612839 6.72118 -0.221091 2.58035
841 0.0630859 5.57997 0.0567997 2.57574
842 0.378447 28.6496 0.134186 2.48319
843 0.188978 20.3387 0.244517 2.55207
844 0.0297104 16.4676 0.799987 2.56588
845 0.00276345 7.59246 1.22778 2.36786
846 0.0342252 11.6679 -0.6296 2.56654
847 0.0829425 8.18882 -0.0658777 2.5893
848 0.100845 12.5519 0.239611 2.58737
849 0.0429528 10.9642 -0.536736 2.56267
850 0.0366912 4.892 0.390942 2.53919
851 0.0140863 2.82391 0.585378 2.41819
852 0.0551738 4.41525 0.0352917 2.57014
853 0.0804756 8.3619 0.132052 2.59042
854 0.522231 37.9477 -0.247638 2.42008
855 0.011499 15.0297 -1.01834 2.54226
856 0.172912 32.4769 0.653125 2.45437
857 0.176775 21.5574 0.33551 2.54223
858 0.183353 17.5014 -0.0466623 2.58352
859 0.0252074 1.07924 0.0824459 1.91336
860 0.131209 26.0868 0.595759 2.50411
861 0.2561 21.9246 -0.0307371 2.53919
862 0.0193306 11.6557 0.792506 2.56648
863 0.0391563 5.75796 -0.405691 2.54465
864 0.0164838 3.00544 0.554471 2.4789
865 0.128812 13.2465 -0.0591437 2.60414
866 0.000157871 1.4726 1.37852 1.73383
867 0.365473 27.2204 -0.0141356 2.49473
868 0.160159 16.7259 -0.152693 2.58884
869 0.0693507 14.694 0.489148 2.58535
870 0.0664164 7.5869 -0.225063 2.5854
871 0.0216491 8.9914 0.694816 2.54608
872 0.0259356 8.00257 0.621248 2.53553
873 0.101098 10.3295 0.0646481 2.60113
874 0.0399545 4.06994 -0.293033 2.52874
875 0.0374932 13.0075 -0.641549 2.5708
876 0.00950082 1.98418 -0.605905 2.25525
877 0.211674 19.5901 0.0842256 2.56713
878 0.141424 14.9203 -0.127729 2.59884
879 0.19805 19.7927 -0.178903 2.55631
880 0.0864277 11.3101 -0.268289 2.58438
881 0.0221035 1.30105 0.237131 2.0634
882 0.36786 27.4217 0.0473587 2.49308
883 0.016175 13.3037 0.886284 2.5384
884 0.107659 14.5868 0.300021 2.58564
885 0.0556456 7.87532 -0.336949 2.5607
886 0.118717 16.9414 0.349315 2.57562
887 0.014694 5.22763 0.72811 2.50836
888 0.0187029 7.32666 -0.708124 2.52817
889 0.0836228 15.1689 -0.43445 2.58385
890 0.405328 30.0121 -0.147451 2.47256
891 0.093721 12.1601 -0.263283 2.58678
892 0.0471429 8.42878 0.427083 2.56551
893 0.0566531 10.6861 -0.431274 2.58161
894 0.0662423 11.09 0.383985 2.5835
895 0.0291627 12.9434 0.714296 2.57069
896 0.0162275 7.55753 -0.753488 2.47611
897 0.102372 11.4036 0.159588 2.60421
898 0.011832 6.92643 -0.836078 2.46648
899 0.0366861 4.58584 -0.372844 2.53644
900 0.0955285 9.50678 0.00627417 2.5973
901 0.104168 13.1704 0.251226 2.58766
902 0.0200846 5.3521 -0.634973 2.50948
903 0.0929502 15.702 -0.410491 2.58179
904 0.0774492 10.5407 -0.291325 2.58085
905 0.113797 11.5801 -0.0166323 2.6045
906 0.109467 11.6347 -0.110337 2.60457
907 0.111546 11.7727 0.100532 2.60474
908 0.0387137 10.8458 -0.566966 2.5619
909 0.123427 28.5407 -0.676413 2.48406
910 0.0883114 10.4504 0.210525 2.58035
911 0.123669 13.6612 0.157452 2.60325
912 0.0308213 2.28899 -0.233712 2.42552
913 0.0372552 2.23708 -0.0327125 2.41484
914 0.0378512 4.02176 -0.317814 2.5277
915 0.0882619 12.0562 -0.291109 2.58657
916 0.139299 16.9037 0.264752 2.57584
917 0.0474094 5.4178 0.29516 2.54264
918 0.0800047 9.61796 -0.227585 2.57502
919 0.00341128 1.56352 -0.790451 1.99193
920 0.0709931 7.03364 -0.121391 2.58205
921 0.192155 21.7929 0.300685 2.54029
922 0.200881 21.1457 0.244716 2.5456
923 0.470723 31.654 -0.00208044 2.46029
924 0.0128299 4.7486 0.748228 2.50342
925 0.022984 0.799411 -0.0437724 1.66525
926 0.100788 10.1465 0.0274436 2.60038
927 0.111657 11.3912 -0.0356976 2.60419
928 0.0722431 6.76601 0.038386 2.58058
929 0.0472151 4.40722 0.219891 2.57006
930 0.084962 10.3246 -0.228796 2.57964
931 0.00542461 9.109 -1.06496 2.49948
932 0.352601 39.2725 -0.430869 2.41198
933 0.0564425 8.60651 -0.3598 2.56703
934 0.0240227 2.00442 -0.31488 2.30975
935 0.0947396 9.61355 0.0696924 2.59786
936 0.136196 16.7527 -0.270702 2.57667
937 0.0259327 1.65904 0.222802 2.24144
938 0.103406 17.8192 -0.43937 2.57031
939 0.180513 21.2374 0.31185 2.54485
940 0.132983 17.9341 -0.33431 2.56957
941 0.179967 21.0742 0.306694 2.54618
942 0.0660264 9.19742 -0.311963 2.57187
943 0.175524 17.0631 0.0674883 2.58659
944 0.0071298 4.6291 0.908194 2.43197
945 0.207832 19.5201 0.104356 2.55837
946 0.142672 27.328 0.598723 2.49385
947 0.170628 22.736 -0.394986 2.5324
948 0.0261806 1.17764 -0.0824708 1.98433
949 0.190098 26.9742 0.482262 2.49675
950 0.157431 18.9493 0.289215 2.56258
951 0.0036676 2.78094 -0.921841 2.32671
952 0.121679 17.6124 -0.363465 2.57162
953 0.093009 11.2217 0.219864 2.58404
954 0.0711521 6.75902 0.0752001 2.58055
955 0.00615124 1.78893 0.688858 2.19025
956 0.135003 22.984 0.498811 2.53031
957 0.317511 26.8589 0.201565 2.4977
958 0.0582585 4.82248 -0.0214803 2.57298
959 0.0423441 4.33061 0.282005 2.53328
960 0.0818755 7.98122 0.0456034 2.58794
961 0.239473 23.307 0.232479 2.52758
962 0.0619684 7.33295 0.253311 2.55603
963 0.0733692 9.20416 0.257232 2.57192
964 0.0387577 2.88014 -0.174809 2.50969
965 0.0804834 10.5751 -0.272645 2.58104
966 0.187969 18.3414 -0.118647 2.57723
967 0.35617 26.8165 -0.0170029 2.49805
968 0.00780597 1.93084 -0.649126 2.23884
969 0.251988 23.7074 -0.215658 2.52419
970 0.0156047 5.44432 0.717736 2.51029
971 0.0946916 18.5755 0.49663 2.56523
972 0.102061 14.3196 0.315563 2.58629
973 0.154732 15.749 -0.100913 2.59472
974 0.0399876 2.96212 0.162958 2.51717
975 0.0497899 9.21312 -0.431408 2.57199
976 0.122783 12.7235 0.0701466 2.60483
977 0.0356108 4.49982 0.380979 2.53549
978 0.0446378 3.82515 -0.198953 2.56064
979 0.00586976 6.94896 1.02962 2.46681
980 0.0309718 2.64472 0.280671 2.48328
981 0.037442 2.95477 -0.211687 2.51653
982 0.151686 18.4949 0.289686 2.56579
983 0.0351523 11.6682 -0.621442 2.56654
984 0.177264 17.1163 -0.0550588 2.58622
985 0.0444822 6.07716 0.363101 2.54662
986 0.0457084 4.91242 -0.282157 2.53934
987 0.0524359 11.1157 -0.473652 2.58361
988 0.350636 28.0681 0.179929 2.48784
989 0.0175877 1.23753 -0.323161 1.96892
990 0.264903 24.0383 0.194422 2.52139
991 0.0659306 8.32359 0.272049 2.5646
992 0.242549 25.3272 -0.31366 2.51048
993 0.074773 7.1628 0.0606959 2.5828
994 0.0841778 14.0211 -0.391629 2.58687
995 0.0841139 9.896 -0.210933 2.57695
996 0.0602032 9.22803 0.355403 2.57211
997 0.0102226 4.0509 0.774171 2.4913
998 0.0296029 2.07437 0.22211 2.37689
999 0.108416 12.8204 0.206385 2.58759
