Step 0, Time: 0, CPUs: 1
      0.16       0.00       0.00       0.08       0.00       0.00       0.00       0.00       0.00       0.00       0.00       0.00       0.00       0.00       0.00       0.00       0.00       0.03
Step 1, Time: 0.00610352, CPUs: 1
      6.67       6.40       0.00       0.14       0.00       0.01       0.00       0.00       6.34       0.05       0.00       0.00       0.00       0.00       0.00       0.00       0.00       0.04
Step 2, Time: 0.012207, CPUs: 1
      7.84       7.45       0.00       0.20       0.00       0.02       0.00       0.00       7.33       0.10       0.00       0.00       0.00       0.00       0.00       0.00       0.00       0.06
Step 3, Time: 0.0183105, CPUs: 1
      9.20       8.69       0.00       0.27       0.00       0.03       0.00       0.00       8.52       0.16       0.00       0.00       0.00       0.00       0.00       0.00       0.00       0.09
Step 4, Time: 0.0244141, CPUs: 1
     10.63      10.00       0.00       0.34       0.00       0.04       0.00       0.00       9.77       0.21       0.00       0.00       0.00       0.00       0.00       0.00       0.00       0.11
Step 5, Time: 0.0305176, CPUs: 1
     12.03      11.28       0.00       0.40       0.00       0.05       0.00       0.00      10.99       0.26       0.00       0.00       0.00       0.00       0.00       0.00       0.00       0.14
Step 6, Time: 0.0366211, CPUs: 1
     13.42      12.55       0.00       0.47       0.00       0.06       0.00       0.00      12.21       0.31       0.00       0.00       0.00       0.00       0.00       0.00       0.00       0.16
Step 7, Time: 0.0427246, CPUs: 1
     14.82      13.83       0.00       0.53       0.00       0.07       0.00       0.00      13.43       0.36       0.00       0.00       0.00       0.00       0.00       0.00       0.00       0.19
Step 8, Time: 0.0488281, CPUs: 1
     16.28      15.17       0.00       0.60       0.00       0.08       0.00       0.00      14.71       0.42       0.00       0.00       0.00       0.00       0.00       0.00       0.00       0.21
Step 9, Time: 0.0549316, CPUs: 1
     17.77      16.53       0.00       0.67       0.00       0.09       0.00       0.00      16.02       0.47       0.00       0.00       0.00       0.00       0.00       0.00       0.00       0.24
Step 10, Time: 0.0610352, CPUs: 1
     19.29      17.93       0.00       0.73       0.00       0.10       0.00       0.00      17.36       0.52       0.00       0.00       0.00       0.00       0.00       0.00       0.00       0.26
Step 11, Time: 0.0671387, CPUs: 1
     20.83      19.34       0.00       0.80       0.00       0.11       0.00       0.00      18.72       0.57       0.00       0.00       0.00       0.00       0.00       0.00       0.00       0.29
Step 12, Time: 0.0732422, CPUs: 1
     22.37      20.76       0.00       0.87       0.00       0.12       0.00       0.00      20.08       0.62       0.00       0.00       0.00       0.00       0.00       0.00       0.00       0.31
Step 13, Time: 0.0793457, CPUs: 1
     23.93      22.20       0.00       0.93       0.00       0.12       0.00       0.00      21.46       0.68       0.00       0.00       0.00       0.00       0.00       0.00       0.00       0.33
Step 14, Time: 0.0854492, CPUs: 1
     25.49      23.64       0.00       1.00       0.00       0.14       0.00       0.00      22.84       0.73       0.00       0.00       0.00       0.00       0.00       0.00       0.00       0.36
Step 15, Time: 0.0915527, CPUs: 1
     27.04      25.06       0.00       1.07       0.00       0.14       0.00       0.00      24.21       0.78       0.00       0.00       0.00       0.00       0.00       0.00       0.00       0.38
Step 16, Time: 0.0976562, CPUs: 1
     28.62      26.51       0.00       1.14       0.00       0.16       0.00       0.00      25.60       0.83       0.00       0.00       0.00       0.00       0.00       0.00       0.00       0.41
Step 17, Time: 0.10376, CPUs: 1
     30.21      27.97       0.00       1.21       0.00       0.16       0.00       0.00      27.01       0.89       0.00       0.00       0.00       0.00       0.00       0.00       0.00       0.43
Step 18, Time: 0.109863, CPUs: 1
     31.79      29.43       0.00       1.28       0.00       0.17       0.00       0.00      28.40       0.94       0.00       0.00       0.00       0.00       0.00       0.00       0.00       0.46
Step 19, Time: 0.115967, CPUs: 1
     33.36      30.87       0.00       1.34       0.00       0.18       0.00       0.00      29.79       0.99       0.00       0.00       0.00       0.00       0.00       0.00       0.00       0.48
Step 20, Time: 0.12207, CPUs: 1
     34.94      32.33       0.00       1.41       0.00       0.19       0.00       0.00      31.19       1.04       0.00       0.00       0.00       0.00       0.00       0.00       0.00       0.51
Step 21, Time: 0.128174, CPUs: 1
     36.50      33.77       0.00       1.48       0.00       0.20       0.00       0.00      32.57       1.10       0.00       0.00       0.00       0.00       0.00       0.00       0.00       0.53
Step 22, Time: 0.134277, CPUs: 1
     38.07      35.20       0.00       1.55       0.00       0.21       0.00       0.00      33.95       1.15       0.00       0.00       0.00       0.00       0.00       0.00       0.00       0.55
Step 23, Time: 0.140381, CPUs: 1
     39.63      36.64       0.00       1.62       0.00       0.22       0.00       0.00      35.33       1.20       0.00       0.00       0.00       0.00       0.00       0.00       0.00       0.58
Step 24, Time: 0.146484, CPUs: 1
     41.20      38.08       0.00       1.68       0.00       0.23       0.00       0.00      36.72       1.25       0.00       0.00       0.00       0.00       0.00       0.00       0.00       0.60
Step 25, Time: 0.152588, CPUs: 1
     42.77      39.53       0.00       1.75       0.00       0.24       0.00       0.00      38.11       1.31       0.00       0.00       0.00       0.00       0.00       0.00       0.00       0.62
Step 26, Time: 0.158691, CPUs: 1
     44.34      40.97       0.00       1.82       0.00       0.25       0.00       0.00      39.49       1.36       0.00       0.00       0.00       0.00       0.00       0.00       0.00       0.65
Step 27, Time: 0.164795, CPUs: 1
     45.92      42.42       0.00       1.89       0.00       0.26       0.00       0.00      40.89       1.41       0.00       0.00       0.00       0.00       0.00       0.00       0.00       0.67
Step 28, Time: 0.170898, CPUs: 1
     47.49      43.87       0.00       1.96       0.00       0.27       0.00       0.00      42.27       1.46       0.00       0.00       0.00       0.00       0.00       0.00       0.00       0.70
Step 29, Time: 0.177002, CPUs: 1
     49.06      45.31       0.00       2.03       0.00       0.28       0.00       0.00      43.66       1.52       0.00       0.00       0.00       0.00       0.00       0.00       0.00       0.72
Step 30, Time: 0.183105, CPUs: 1
     50.62      46.75       0.00       2.10       0.00       0.29       0.00       0.00      45.04       1.57       0.00       0.00       0.00       0.00       0.00       0.00       0.00       0.74
Step 31, Time: 0.189209, CPUs: 1
     52.20      48.20       0.00       2.17       0.00       0.30       0.00       0.00      46.44       1.62       0.00       0.00       0.00       0.00       0.00       0.00       0.00       0.77
Step 32, Time: 0.195312, CPUs: 1
     53.78      49.65       0.00       2.24       0.00       0.31       0.00       0.00      47.83       1.67       0.00       0.00       0.00       0.00       0.00       0.00       0.00       0.79
Step 33, Time: 0.201416, CPUs: 1
     55.35      51.09       0.00       2.31       0.00       0.32       0.00       0.00      49.21       1.73       0.00       0.00       0.00       0.00       0.00       0.00       0.00       0.81
Step 34, Time: 0.20752, CPUs: 1
     56.92      52.53       0.00       2.38       0.00       0.32       0.00       0.00      50.59       1.78       0.00       0.00       0.00       0.00       0.00       0.00       0.00       0.84
Step 35, Time: 0.213623, CPUs: 1
     58.48      53.96       0.00       2.45       0.00       0.33       0.00       0.00      51.97       1.83       0.00       0.00       0.00       0.00       0.00       0.00       0.00       0.86
Step 36, Time: 0.219727, CPUs: 1
     60.04      55.39       0.00       2.52       0.00       0.34       0.00       0.00      53.34       1.89       0.00       0.00       0.00       0.00       0.00       0.00       0.00       0.88
Step 37, Time: 0.22583, CPUs: 1
     61.57      56.80       0.00       2.59       0.00       0.35       0.00       0.00      54.69       1.94       0.00       0.00       0.00       0.00       0.00       0.00       0.00       0.91
Step 38, Time: 0.231934, CPUs: 1
     63.11      58.21       0.00       2.66       0.00       0.36       0.00       0.00      56.05       1.99       0.00       0.00       0.00       0.00       0.00       0.00       0.00       0.93
Step 39, Time: 0.238037, CPUs: 1
     64.66      59.63       0.00       2.73       0.00       0.37       0.00       0.00      57.41       2.04       0.00       0.00       0.00       0.00       0.00       0.00       0.00       0.96
Step 40, Time: 0.244141, CPUs: 1
     66.19      61.03       0.00       2.80       0.00       0.38       0.00       0.00      58.75       2.10       0.00       0.00       0.00       0.00       0.00       0.00       0.00       0.98
Step 41, Time: 0.250244, CPUs: 1
     67.73      62.44       0.00       2.87       0.00       0.39       0.00       0.00      60.11       2.15       0.00       0.00       0.00       0.00       0.00       0.00       0.00       1.00
Step 42, Time: 0.256348, CPUs: 1
     69.28      63.85       0.00       2.94       0.00       0.40       0.00       0.00      61.46       2.20       0.00       0.00       0.00       0.00       0.00       0.00       0.00       1.03
Step 43, Time: 0.262451, CPUs: 1
     70.83      65.27       0.00       3.02       0.00       0.41       0.00       0.00      62.82       2.26       0.00       0.00       0.00       0.00       0.00       0.00       0.00       1.05
Step 44, Time: 0.268555, CPUs: 1
     72.37      66.69       0.00       3.09       0.00       0.42       0.00       0.00      64.18       2.31       0.00       0.00       0.00       0.00       0.00       0.00       0.00       1.07
Step 45, Time: 0.274658, CPUs: 1
     73.91      68.10       0.00       3.16       0.00       0.43       0.00       0.00      65.54       2.36       0.00       0.00       0.00       0.00       0.00       0.00       0.00       1.10
Step 46, Time: 0.280762, CPUs: 1
     75.44      69.50       0.00       3.23       0.00       0.44       0.00       0.00      66.88       2.41       0.00       0.00       0.00       0.00       0.00       0.00       0.00       1.12
Step 47, Time: 0.286865, CPUs: 1
     76.97      70.90       0.00       3.30       0.00       0.45       0.00       0.00      68.22       2.47       0.00       0.00       0.00       0.00       0.00       0.00       0.00       1.14
Step 48, Time: 0.292969, CPUs: 1
     78.51      72.31       0.00       3.37       0.00       0.46       0.00       0.00      69.57       2.52       0.00       0.00       0.00       0.00       0.00       0.00       0.00       1.17
Step 49, Time: 0.299072, CPUs: 1
     80.04      73.71       0.00       3.44       0.00       0.47       0.00       0.00      70.92       2.57       0.00       0.00       0.00       0.00       0.00       0.00       0.00       1.19
Step 50, Time: 0.305176, CPUs: 1
     81.56      75.11       0.00       3.51       0.00       0.47       0.00       0.00      72.26       2.63       0.00       0.00       0.00       0.00       0.00       0.00       0.00       1.21
Step 51, Time: 0.311279, CPUs: 1
     83.10      76.51       0.00       3.58       0.00       0.49       0.00       0.00      73.60       2.68       0.00       0.00       0.00       0.00       0.00       0.00       0.00       1.23
Step 52, Time: 0.317383, CPUs: 1
     84.63      77.91       0.00       3.65       0.00       0.49       0.00       0.00      74.95       2.73       0.00       0.00       0.00       0.00       0.00       0.00       0.00       1.26
Step 53, Time: 0.323486, CPUs: 1
     86.16      79.32       0.00       3.72       0.00       0.51       0.00       0.00      76.30       2.79       0.00       0.00       0.00       0.00       0.00       0.00       0.00       1.28
Step 54, Time: 0.32959, CPUs: 1
     87.69      80.71       0.00       3.79       0.00       0.51       0.00       0.00      77.63       2.84       0.00       0.00       0.00       0.00       0.00       0.00       0.00       1.30
Step 55, Time: 0.335693, CPUs: 1
     89.22      82.12       0.00       3.86       0.00       0.52       0.00       0.00      78.98       2.89       0.00       0.00       0.00       0.00       0.00       0.00       0.00       1.33
Step 56, Time: 0.341797, CPUs: 1
     90.75      83.52       0.00       3.93       0.00       0.53       0.00       0.00      80.33       2.94       0.00       0.00       0.00       0.00       0.00       0.00       0.00       1.35
Step 57, Time: 0.3479, CPUs: 1
     92.27      84.92       0.00       4.00       0.00       0.54       0.00       0.00      81.67       3.00       0.00       0.00       0.00       0.00       0.00       0.00       0.00       1.37
Step 58, Time: 0.354004, CPUs: 1
     93.81      86.31       0.00       4.08       0.00       0.55       0.00       0.00      83.01       3.05       0.00       0.00       0.00       0.00       0.00       0.00       0.00       1.39
Step 59, Time: 0.360107, CPUs: 1
     95.33      87.71       0.00       4.15       0.00       0.56       0.00       0.00      84.35       3.10       0.00       0.00       0.00       0.00       0.00       0.00       0.00       1.42
Step 60, Time: 0.366211, CPUs: 1
     96.87      89.11       0.00       4.22       0.00       0.57       0.00       0.00      85.69       3.16       0.00       0.00       0.00       0.00       0.00       0.00       0.00       1.44
Step 61, Time: 0.372314, CPUs: 1
     98.39      90.51       0.00       4.29       0.00       0.58       0.00       0.00      87.03       3.21       0.00       0.00       0.00       0.00       0.00       0.00       0.00       1.46
Step 62, Time: 0.378418, CPUs: 1
     99.92      91.91       0.00       4.36       0.00       0.59       0.00       0.00      88.37       3.26       0.00       0.00       0.00       0.00       0.00       0.00       0.00       1.48
Step 63, Time: 0.384521, CPUs: 1
    101.46      93.32       0.00       4.43       0.00       0.60       0.00       0.00      89.72       3.31       0.00       0.00       0.00       0.00       0.00       0.00       0.00       1.51
Step 64, Time: 0.390625, CPUs: 1
    102.98      94.71       0.00       4.50       0.00       0.61       0.00       0.00      91.06       3.37       0.00       0.00       0.00       0.00       0.00       0.00       0.00       1.53
Step 65, Time: 0.396729, CPUs: 1
    104.53      96.13       0.00       4.57       0.00       0.62       0.00       0.00      92.42       3.42       0.00       0.00       0.00       0.00       0.00       0.00       0.00       1.55
Step 66, Time: 0.402832, CPUs: 1
    106.07      97.54       0.00       4.64       0.00       0.62       0.00       0.00      93.78       3.47       0.00       0.00       0.00       0.00       0.00       0.00       0.00       1.57
Step 67, Time: 0.408936, CPUs: 1
    107.61      98.95       0.00       4.71       0.00       0.64       0.00       0.00      95.12       3.53       0.00       0.00       0.00       0.00       0.00       0.00       0.00       1.60
Step 68, Time: 0.415039, CPUs: 1
    109.15     100.36       0.00       4.79       0.00       0.64       0.00       0.00      96.47       3.58       0.00       0.00       0.00       0.00       0.00       0.00       0.00       1.62
Step 69, Time: 0.421143, CPUs: 1
    110.69     101.77       0.00       4.86       0.00       0.66       0.00       0.00      97.83       3.63       0.00       0.00       0.00       0.00       0.00       0.00       0.00       1.64
