1.787879870511394341e+59
1.052733384039621502e+60
3.671278358819763266e+60
8.043626738072430174e+60
1.415443694853773939e+61
2.202518811221968406e+61
3.162826355836971507e+61
4.297593858231105398e+61
5.609275818831712541e+61
7.093269844794243681e+61
8.754792083837747558e+61
1.058801263336877985e+62
1.259569314067906653e+62
1.478182222395483665e+62
1.713872925483363133e+62
1.967469861655228506e+62
2.238083217099955121e+62
2.526142568322620305e+62
2.832200188917703395e+62
3.155182192497191749e+62
3.496223840936586949e+62
3.854128496872843208e+62
4.229479148587162265e+62
4.622981481449785687e+62
5.033254785520962166e+62
5.461741146227727799e+62
5.906937102655728817e+62
6.369579054861596700e+62
6.850526099991761825e+62
1.761651222557140097e+62
1.760422602346424014e+62
1.759463685796884452e+62
1.758772082537066710e+62
1.758347282200622912e+62
1.758190775315048388e+62
1.758302011768281486e+62
1.758680601256940819e+62
1.759326504035356224e+62
1.760241560362900428e+62
1.761422559515535303e+62
1.762873652632694518e+62
1.764589748159615086e+62
1.766573156976192847e+62
1.768828069967665909e+62
1.771346575158534844e+62
1.774137524939686857e+62
1.777191126504801524e+62
1.780512041359615173e+62
1.784106811015023942e+62
1.787962822244128538e+62
1.792093628689208951e+62
1.796484736292551056e+62
1.801143157185586664e+62
1.806077783504935023e+62
1.811271300772239198e+62
1.816741963881260799e+62
1.822470577522865968e+62
1.828466504454107777e+62
1.744929862317302442e+62
1.744041736472601308e+62
1.743246628226803377e+62
1.742547327433417355e+62
1.741942356274957186e+62
1.741430900351044184e+62
1.741014754243874235e+62
1.740692455225495270e+62
1.740465134169627416e+62
1.740332142748644539e+62
1.740293496052116021e+62
1.740349329682495754e+62
1.740499839891467704e+62
1.740744498573098608e+62
1.741084165687619894e+62
1.741517649420546270e+62
1.742045462788420423e+62
1.742668782224794668e+62
1.743385420643946481e+62
1.744197896985847455e+62
1.745103360456291086e+62
1.746103153561665595e+62
1.747199282225460176e+62
1.748387900382126276e+62
1.749673185951433428e+62
1.751050629159383125e+62
1.752522402002280370e+62
1.754091339893428606e+62
1.755751937787611047e+62
1.725347413106755441e+62
1.724950528526679425e+62
1.724633929755463729e+62
1.724397272154278254e+62
1.724241386100667276e+62
1.724165723664700013e+62
1.724170550328680280e+62
1.724255662801496431e+62
1.724421422439539051e+62
1.724667247629943478e+62
1.724994002433166858e+62
1.725400540341164814e+62
1.725887364058069218e+62
1.726455540935253611e+62
