-9.451228775243888337e+61
-1.013269032962014266e+62
-1.013494479953308913e+62
-9.773549861405738158e+61
-9.313906895414869193e+61
-8.868507015999079499e+61
-8.468734059317460729e+61
-8.117692791306198995e+61
-7.809609848390637645e+61
-7.539710830747406294e+61
-7.301216205888968089e+61
-7.090154689036620768e+61
-6.902484841012058293e+61
-6.734169987013851911e+61
-6.583145905406345917e+61
-6.446396909112796857e+61
-6.322292144322083539e+61
-6.208560178205042882e+61
-6.103764172211540796e+61
-6.007381712912953188e+61
-5.918026730885838102e+61
-5.835037736103924919e+61
-5.757772568611746926e+61
-5.685795394799281671e+61
-5.618338041606806681e+61
-5.554843332301313976e+61
-5.495108460295029172e+61
-5.438949089712221998e+61
-5.385805521719116668e+61
-4.357748948518078980e+61
-4.351292546531485173e+61
-4.329569463137158715e+61
-4.285371641948848761e+61
-4.236945367753692632e+61
-4.194727270136670167e+61
-4.158500514955468076e+61
-4.126258387394413098e+61
-4.097423053689863350e+61
-4.070691269829096726e+61
-4.046085537818002452e+61
-4.023232835867163053e+61
-4.001447891808557221e+61
-3.980388223744746184e+61
-3.959909027470204055e+61
-3.940008837424348929e+61
-3.920572234439570763e+61
-3.901601267157473531e+61
-3.883057486743234624e+61
-3.864770691531138440e+61
-3.846979908599065769e+61
-3.829522986219246980e+61
-3.812497141547039222e+61
-3.795736918833648170e+61
-3.779322279744204163e+61
-3.763211555240547417e+61
-3.747557109446003558e+61
-3.732139965681074227e+61
-3.716967195089964220e+61
-3.595044486466813525e+61
-3.591209149799336084e+61
-3.583399875527774609e+61
-3.568989945604444721e+61
-3.545276118476139424e+61
-3.517958566637620894e+61
-3.489507731413789318e+61
-3.463538290780698977e+61
-3.439611531204845349e+61
-3.418436207220108081e+61
-3.399302319414677798e+61
-3.382260175459528768e+61
-3.366569700497552169e+61
-3.352201881518242786e+61
-3.338572199754075201e+61
-3.326070326251826662e+61
-3.313787702066453978e+61
-3.301835823763458974e+61
-3.290268259839166356e+61
-3.279069701196355971e+61
-3.267968331925976405e+61
-3.257050338695036527e+61
-3.246527407348650942e+61
-3.236069351348976739e+61
-3.225714304938663037e+61
-3.215382028674694835e+61
-3.205152641587077417e+61
-3.195026090479938886e+61
-3.184927319605163884e+61
-3.206107960094555704e+61
-3.202670177829094126e+61
-3.196295325477676335e+61
-3.186044385638393731e+61
-3.170874792161057373e+61
-3.153180321325655006e+61
-3.133019329815807918e+61
-3.111635268494358777e+61
-3.090531564296843609e+61
-3.070921650807180664e+61
-3.051919960659287141e+61
-3.034429849874468273e+61
-3.018299869499242866e+61
-3.003075146124177245e+61
