-9.433349976538774891e+61
-1.002741699121618033e+62
-9.767816963651112590e+61
-8.969187187598495569e+61
-7.898463200561095255e+61
-6.665988204777111378e+61
-5.305907703480488651e+61
-3.820098933075093597e+61
-2.200334029558925104e+61
-4.464409859531626138e+60
1.453575877948779469e+61
3.497857944332159082e+61
5.693208299667008238e+61
8.047652236940984738e+61
1.055558334942728428e+62
1.322830170743948820e+62
1.605854002667746653e+62
1.905286550502116131e+62
2.221823771696549316e+62
2.554444021205896202e+62
2.904421167848002910e+62
3.270624723262450602e+62
3.653701891725987458e+62
4.054401941969857520e+62
4.471420981360281498e+62
4.906256812997596173e+62
5.357426256626225900e+62
5.825684145890374500e+62
6.311945547819850501e+62
1.325876327705332313e+62
1.325293347693275554e+62
1.326506739483168467e+62
1.330234918342181834e+62
1.334652745425253534e+62
1.338718048301381314e+62
1.342451960272734622e+62
1.346054762517499509e+62
1.349584198666369946e+62
1.353172433379990812e+62
1.356814005733735000e+62
1.360550369045978269e+62
1.364444958978759421e+62
1.368534334601718229e+62
1.372837167220645446e+62
1.377345691416100009e+62
1.382080301495729724e+62
1.387030999789054056e+62
1.392206292685291711e+62
1.397629741861909984e+62
1.403264831384222075e+62
1.409141330067284196e+62
1.415235022137847134e+62
1.421569465302221790e+62
1.428145555530514721e+62
1.434950145248184570e+62
1.441986252936660558e+62
1.449256580954758659e+62
1.456769784945111355e+62
1.385425413670621033e+62
1.384920821492667586e+62
1.384906640674025802e+62
1.385648332872972882e+62
1.387414744427343358e+62
1.389635043687282152e+62
1.392063981102495360e+62
1.394338626147425258e+62
1.396503981049142824e+62
1.398488522026633617e+62
1.400363264110648184e+62
1.402123312136542992e+62
1.403842869841712430e+62
1.405524310421274386e+62
1.407226945712212374e+62
1.408910616795363661e+62
1.410666692581775082e+62
1.412485199848448713e+62
1.414358594660029845e+62
1.416290926866211915e+62
1.418306527263693560e+62
1.420398119692161886e+62
1.422546541490594968e+62
1.424780965247228716e+62
1.427101755457567181e+62
1.429512426291913584e+62
1.432007137843572685e+62
1.434588730845434603e+62
1.437259205827094544e+62
1.404736617097299813e+62
1.404683510743770127e+62
1.405004397207695981e+62
1.405792833590438938e+62
1.407153906884561425e+62
1.408847691532134513e+62
1.410868617347099374e+62
1.413092135952060668e+62
1.415368266009854747e+62
1.417575082549225526e+62
1.419802006367238144e+62
1.421957555353718044e+62
1.424057377108144931e+62
1.426148026322836000e+62
