Step 0, Time: 0, CPUs: 4
      0.74       0.00       0.00       0.60       0.00       0.15       0.00       0.00       0.00       0.00       0.00       0.00       0.00       0.00       0.00       0.00       0.00       0.03
Step 1, Time: 0.00610352, CPUs: 4
     11.42      10.22       0.00       0.94       0.00       0.22       0.00       0.00       6.20       0.08       0.55       3.21       0.00       0.00       0.00       0.00       0.00       0.03
Step 2, Time: 0.012207, CPUs: 4
     14.85      13.14       0.00       1.35       0.00       0.30       0.00       0.00       8.15       0.20       0.86       3.65       0.00       0.00       0.00       0.00       0.00       0.03
Step 3, Time: 0.0183105, CPUs: 4
     18.26      16.00       0.00       1.81       0.00       0.36       0.00       0.00      10.12       0.34       1.17       4.00       0.00       0.00       0.00       0.00       0.00       0.04
Step 4, Time: 0.0244141, CPUs: 4
     21.62      18.83       0.00       2.22       0.00       0.56       0.00       0.00      12.16       0.40       1.45       4.36       0.00       0.00       0.00       0.00       0.00       0.06
Step 5, Time: 0.0305176, CPUs: 4
     25.33      21.84       0.00       2.80       0.00       0.63       0.00       0.00      14.21       0.52       1.72       4.80       0.00       0.00       0.00       0.00       0.00       0.07
Step 6, Time: 0.0366211, CPUs: 4
     28.90      24.78       0.00       3.24       0.00       0.71       0.00       0.00      16.10       0.59       2.15       5.25       0.00       0.00       0.00       0.00       0.00       0.11
Step 7, Time: 0.0427246, CPUs: 4
     32.51      27.82       0.00       3.69       0.00       0.88       0.00       0.00      18.05       0.65       2.49       5.81       0.00       0.00       0.00       0.00       0.00       0.13
Step 8, Time: 0.0488281, CPUs: 4
     36.11      30.80       0.00       4.15       0.00       1.03       0.00       0.00      20.07       0.79       2.76       6.27       0.00       0.00       0.00       0.00       0.00       0.14
Step 9, Time: 0.0549316, CPUs: 4
     39.82      33.92       0.00       4.66       0.00       1.10       0.00       0.00      22.14       0.88       3.08       6.81       0.00       0.00       0.00       0.00       0.00       0.14
Step 10, Time: 0.0610352, CPUs: 4
     43.53      37.02       0.00       5.13       0.00       1.19       0.00       0.00      24.19       0.97       3.45       7.31       0.00       0.00       0.00       0.00       0.00       0.18
Step 11, Time: 0.0671387, CPUs: 4
     47.02      39.91       0.00       5.61       0.00       1.37       0.00       0.00      26.15       1.08       3.70       7.73       0.00       0.00       0.00       0.00       0.00       0.18
Step 12, Time: 0.0732422, CPUs: 4
     50.78      43.16       0.00       6.00       0.00       1.46       0.00       0.00      28.15       1.18       4.11       8.35       0.00       0.00       0.00       0.00       0.00       0.19
Step 13, Time: 0.0793457, CPUs: 4
     54.53      46.28       0.00       6.51       0.00       1.54       0.00       0.00      30.20       1.28       4.40       8.93       0.00       0.00       0.00       0.00       0.00       0.19
Step 14, Time: 0.0854492, CPUs: 4
     58.11      49.32       0.00       6.93       0.00       1.70       0.00       0.00      32.21       1.36       4.76       9.44       0.00       0.00       0.00       0.00       0.00       0.20
Step 15, Time: 0.0915527, CPUs: 4
     61.74      52.35       0.00       7.37       0.00       1.81       0.00       0.00      34.19       1.45       4.99      10.04       0.00       0.00       0.00       0.00       0.00       0.22
Step 16, Time: 0.0976562, CPUs: 4
     65.38      55.43       0.00       7.80       0.00       1.89       0.00       0.00      36.24       1.55       5.37      10.51       0.00       0.00       0.00       0.00       0.00       0.23
Step 17, Time: 0.10376, CPUs: 4
     69.21      58.68       0.00       8.26       0.00       1.97       0.00       0.00      38.24       1.64       5.85      11.10       0.00       0.00       0.00       0.00       0.00       0.25
Step 18, Time: 0.109863, CPUs: 4
     73.06      61.94       0.00       8.69       0.00       2.14       0.00       0.00      40.26       1.74       6.30      11.65       0.00       0.00       0.00       0.00       0.00       0.25
Step 19, Time: 0.115967, CPUs: 4
     76.96      65.22       0.00       9.20       0.00       2.22       0.00       0.00      42.32       1.82       6.85      12.14       0.00       0.00       0.00       0.00       0.00       0.26
Step 20, Time: 0.12207, CPUs: 4
     80.66      68.32       0.00       9.66       0.00       2.32       0.00       0.00      44.37       1.90       7.24      12.63       0.00       0.00       0.00       0.00       0.00       0.26
Step 21, Time: 0.128174, CPUs: 4
     84.37      71.45       0.00      10.09       0.00       2.49       0.00       0.00      46.38       1.98       7.58      13.23       0.00       0.00       0.00       0.00       0.00       0.28
Step 22, Time: 0.134277, CPUs: 4
     88.06      74.68       0.00      10.42       0.00       2.58       0.00       0.00      48.38       2.10       8.01      13.80       0.00       0.00       0.00       0.00       0.00       0.30
Step 23, Time: 0.140381, CPUs: 4
     91.99      78.04       0.00      10.83       0.00       2.70       0.00       0.00      50.45       2.19       8.52      14.35       0.00       0.00       0.00       0.00       0.00       0.31
Step 24, Time: 0.146484, CPUs: 4
     95.93      81.43       0.00      11.26       0.00       2.77       0.00       0.00      52.50       2.30       9.06      14.95       0.00       0.00       0.00       0.00       0.00       0.31
Step 25, Time: 0.152588, CPUs: 4
     99.59      84.41       0.00      11.81       0.00       2.96       0.00       0.00      54.51       2.38       9.32      15.50       0.00       0.00       0.00       0.00       0.00       0.34
Step 26, Time: 0.158691, CPUs: 4
    103.27      87.59       0.00      12.19       0.00       3.04       0.00       0.00      56.54       2.46       9.57      16.15       0.00       0.00       0.00       0.00       0.00       0.35
Step 27, Time: 0.164795, CPUs: 4
    106.82      90.54       0.00      12.68       0.00       3.12       0.00       0.00      58.58       2.58       9.78      16.61       0.00       0.00       0.00       0.00       0.00       0.35
Step 28, Time: 0.170898, CPUs: 4
    110.38      93.62       0.00      13.03       0.00       3.26       0.00       0.00      60.59       2.66      10.16      17.09       0.00       0.00       0.00       0.00       0.00       0.36
Step 29, Time: 0.177002, CPUs: 4
    114.00      96.69       0.00      13.47       0.00       3.35       0.00       0.00      62.65       2.76      10.61      17.48       0.00       0.00       0.00       0.00       0.00       0.36
Step 30, Time: 0.183105, CPUs: 4
    117.55      99.73       0.00      13.89       0.00       3.42       0.00       0.00      64.65       2.85      11.01      17.92       0.00       0.00       0.00       0.00       0.00       0.37
Step 31, Time: 0.189209, CPUs: 4
    120.92     102.56       0.00      14.30       0.00       3.50       0.00       0.00      66.69       2.96      11.33      18.21       0.00       0.00       0.00       0.00       0.00       0.39
Step 32, Time: 0.195312, CPUs: 4
    124.48     105.60       0.00      14.72       0.00       3.64       0.00       0.00      68.72       3.08      11.72      18.55       0.00       0.00       0.00       0.00       0.00       0.39
Step 33, Time: 0.201416, CPUs: 4
    128.30     108.80       0.00      15.20       0.00       3.77       0.00       0.00      70.76       3.17      12.15      19.10       0.00       0.00       0.00       0.00       0.00       0.39
Step 34, Time: 0.20752, CPUs: 4
    132.02     111.90       0.00      15.68       0.00       3.82       0.00       0.00      72.78       3.29      12.55      19.57       0.00       0.00       0.00       0.00       0.00       0.41
Step 35, Time: 0.213623, CPUs: 4
    135.83     115.14       0.00      16.12       0.00       3.98       0.00       0.00      74.88       3.36      13.04      20.04       0.00       0.00       0.00       0.00       0.00       0.43
Step 36, Time: 0.219727, CPUs: 4
    139.70     118.43       0.00      16.61       0.00       4.04       0.00       0.00      76.94       3.46      13.52      20.58       0.00       0.00       0.00       0.00       0.00       0.44
Step 37, Time: 0.22583, CPUs: 4
    143.49     121.67       0.00      17.06       0.00       4.11       0.00       0.00      79.00       3.54      13.97      21.16       0.00       0.00       0.00       0.00       0.00       0.44
Step 38, Time: 0.231934, CPUs: 4
    147.22     124.81       0.00      17.54       0.00       4.15       0.00       0.00      81.03       3.60      14.38      21.66       0.00       0.00       0.00       0.00       0.00       0.46
Step 39, Time: 0.238037, CPUs: 4
    151.11     128.16       0.00      17.98       0.00       4.34       0.00       0.00      83.13       3.70      14.89      22.19       0.00       0.00       0.00       0.00       0.00       0.46
Step 40, Time: 0.244141, CPUs: 4
    154.72     131.20       0.00      18.41       0.00       4.44       0.00       0.00      85.25       3.79      15.17      22.64       0.00       0.00       0.00       0.00       0.00       0.47
Step 41, Time: 0.250244, CPUs: 4
    158.18     134.18       0.00      18.76       0.00       4.51       0.00       0.00      87.22       3.89      15.55      23.07       0.00       0.00       0.00       0.00       0.00       0.49
Step 42, Time: 0.256348, CPUs: 4
    161.69     137.13       0.00      19.21       0.00       4.62       0.00       0.00      89.13       3.98      15.83      23.60       0.00       0.00       0.00       0.00       0.00       0.52
Step 43, Time: 0.262451, CPUs: 4
    165.43     140.38       0.00      19.58       0.00       4.70       0.00       0.00      91.16       4.11      16.29      24.14       0.00       0.00       0.00       0.00       0.00       0.52
Step 44, Time: 0.268555, CPUs: 4
    169.34     143.64       0.00      20.08       0.00       4.80       0.00       0.00      93.24       4.21      16.79      24.63       0.00       0.00       0.00       0.00       0.00       0.52
Step 45, Time: 0.274658, CPUs: 4
    172.81     146.51       0.00      20.56       0.00       4.88       0.00       0.00      95.30       4.29      17.12      24.97       0.00       0.00       0.00       0.00       0.00       0.54
Step 46, Time: 0.280762, CPUs: 4
    176.68     149.75       0.00      21.05       0.00       5.10       0.00       0.00      97.35       4.36      17.66      25.42       0.00       0.00       0.00       0.00       0.00       0.56
Step 47, Time: 0.286865, CPUs: 4
    180.41     153.02       0.00      21.38       0.00       5.17       0.00       0.00      99.41       4.46      18.11      25.98       0.00       0.00       0.00       0.00       0.00       0.58
Step 48, Time: 0.292969, CPUs: 4
    184.15     156.17       0.00      21.80       0.00       5.27       0.00       0.00     101.42       4.57      18.51      26.54       0.00       0.00       0.00       0.00       0.00       0.58
Step 49, Time: 0.299072, CPUs: 4
    187.61     159.14       0.00      22.21       0.00       5.39       0.00       0.00     103.49       4.69      18.66      27.03       0.00       0.00       0.00       0.00       0.00       0.59
Step 50, Time: 0.305176, CPUs: 4
    191.33     162.35       0.00      22.62       0.00       5.45       0.00       0.00     105.60       4.79      19.09      27.47       0.00       0.00       0.00       0.00       0.00       0.59
Step 51, Time: 0.311279, CPUs: 4
    194.98     165.49       0.00      22.99       0.00       5.52       0.00       0.00     107.66       4.93      19.46      27.98       0.00       0.00       0.00       0.00       0.00       0.61
Step 52, Time: 0.317383, CPUs: 4
    198.83     168.71       0.00      23.47       0.00       5.61       0.00       0.00     109.68       5.00      19.92      28.51       0.00       0.00       0.00       0.00       0.00       0.62
Step 53, Time: 0.323486, CPUs: 4
    202.60     171.91       0.00      23.88       0.00       5.76       0.00       0.00     111.70       5.10      20.35      29.06       0.00       0.00       0.00       0.00       0.00       0.62
Step 54, Time: 0.32959, CPUs: 4
    206.39     175.11       0.00      24.37       0.00       5.82       0.00       0.00     113.75       5.19      20.71      29.66       0.00       0.00       0.00       0.00       0.00       0.64
Step 55, Time: 0.335693, CPUs: 4
    209.99     178.22       0.00      24.77       0.00       5.88       0.00       0.00     115.89       5.27      21.08      30.10       0.00       0.00       0.00       0.00       0.00       0.66
Step 56, Time: 0.341797, CPUs: 4
    213.72     181.43       0.00      25.20       0.00       6.02       0.00       0.00     117.96       5.37      21.50      30.65       0.00       0.00       0.00       0.00       0.00       0.66
Step 57, Time: 0.3479, CPUs: 4
    217.27     184.50       0.00      25.55       0.00       6.11       0.00       0.00     119.99       5.49      21.77      31.22       0.00       0.00       0.00       0.00       0.00       0.67
Step 58, Time: 0.354004, CPUs: 4
    220.98     187.73       0.00      25.92       0.00       6.19       0.00       0.00     122.06       5.58      22.10      31.82       0.00       0.00       0.00       0.00       0.00       0.67
Step 59, Time: 0.360107, CPUs: 4
    224.97     191.04       0.00      26.47       0.00       6.25       0.00       0.00     124.12       5.68      22.58      32.37       0.00       0.00       0.00       0.00       0.00       0.68
Step 60, Time: 0.366211, CPUs: 4
    228.96     194.45       0.00      26.91       0.00       6.41       0.00       0.00     126.23       5.78      23.10      32.94       0.00       0.00       0.00       0.00       0.00       0.68
Step 61, Time: 0.372314, CPUs: 4
    232.66     197.63       0.00      27.31       0.00       6.47       0.00       0.00     128.24       5.90      23.47      33.49       0.00       0.00       0.00       0.00       0.00       0.70
Step 62, Time: 0.378418, CPUs: 4
    236.45     200.92       0.00      27.71       0.00       6.53       0.00       0.00     130.23       6.00      23.86      34.17       0.00       0.00       0.00       0.00       0.00       0.70
Step 63, Time: 0.384521, CPUs: 4
    240.38     204.23       0.00      28.21       0.00       6.67       0.00       0.00     132.35       6.11      24.18      34.79       0.00       0.00       0.00       0.00       0.00       0.70
Step 64, Time: 0.390625, CPUs: 4
    244.21     207.54       0.00      28.63       0.00       6.74       0.00       0.00     134.46       6.21      24.53      35.43       0.00       0.00       0.00       0.00       0.00       0.71
Step 65, Time: 0.396729, CPUs: 4
    247.99     210.81       0.00      29.01       0.00       6.81       0.00       0.00     136.54       6.32      24.95      36.01       0.00       0.00       0.00       0.00       0.00       0.73
Step 66, Time: 0.402832, CPUs: 4
    251.71     214.02       0.00      29.39       0.00       6.88       0.00       0.00     138.65       6.42      25.28      36.56       0.00       0.00       0.00       0.00       0.00       0.74
Step 67, Time: 0.408936, CPUs: 4
    255.71     217.44       0.00      29.88       0.00       7.00       0.00       0.00     140.73       6.51      25.80      37.19       0.00       0.00       0.00       0.00       0.00       0.75
Step 68, Time: 0.415039, CPUs: 4
    259.57     220.70       0.00      30.35       0.00       7.08       0.00       0.00     142.87       6.63      26.15      37.75       0.00       0.00       0.00       0.00       0.00       0.75
Step 69, Time: 0.421143, CPUs: 4
    263.45     224.10       0.00      30.72       0.00       7.14       0.00       0.00     144.97       6.73      26.52      38.46       0.00       0.00       0.00       0.00       0.00       0.77
Step 70, Time: 0.427246, CPUs: 4
    267.63     227.66       0.00      31.18       0.00       7.31       0.00       0.00     147.12       6.84      27.00      39.16       0.00       0.00       0.00       0.00       0.00       0.79
Step 71, Time: 0.43335, CPUs: 4
    271.55     231.03       0.00      31.60       0.00       7.40       0.00       0.00     149.24       6.93      27.42      39.78       0.00       0.00       0.00       0.00       0.00       0.80
Step 72, Time: 0.439453, CPUs: 4
    275.44     234.40       0.00      32.00       0.00       7.47       0.00       0.00     151.35       7.06      27.71      40.54       0.00       0.00       0.00       0.00       0.00       0.81
Step 73, Time: 0.445557, CPUs: 4
    279.57     237.95       0.00      32.43       0.00       7.61       0.00       0.00     153.48       7.15      28.22      41.25       0.00       0.00       0.00       0.00       0.00       0.84
Step 74, Time: 0.45166, CPUs: 4
    283.58     241.44       0.00      32.85       0.00       7.67       0.00       0.00     155.59       7.26      28.63      41.98       0.00       0.00       0.00       0.00       0.00       0.84
Step 75, Time: 0.457764, CPUs: 4
    287.52     244.86       0.00      33.24       0.00       7.78       0.00       0.00     157.68       7.39      29.13      42.50       0.00       0.00       0.00       0.00       0.00       0.84
Step 76, Time: 0.463867, CPUs: 4
    291.51     248.25       0.00      33.70       0.00       7.84       0.00       0.00     159.66       7.52      29.67      43.12       0.00       0.00       0.00       0.00       0.00       0.88
Step 77, Time: 0.469971, CPUs: 4
    295.70     251.81       0.00      34.20       0.00       8.01       0.00       0.00     161.68       7.59      30.26      43.89       0.00       0.00       0.00       0.00       0.00       0.89
Step 78, Time: 0.476074, CPUs: 4
    299.68     255.23       0.00      34.63       0.00       8.09       0.00       0.00     163.84       7.70      30.63      44.56       0.00       0.00       0.00       0.00       0.00       0.91
Step 79, Time: 0.482178, CPUs: 4
    303.70     258.68       0.00      35.08       0.00       8.16       0.00       0.00     165.90       7.83      30.95      45.43       0.00       0.00       0.00       0.00       0.00       0.93
Step 80, Time: 0.488281, CPUs: 4
    307.84     262.30       0.00      35.48       0.00       8.30       0.00       0.00     167.99       7.93      31.34      46.32       0.00       0.00       0.00       0.00       0.00       0.95
Step 81, Time: 0.494385, CPUs: 4
    312.03     265.88       0.00      35.96       0.00       8.43       0.00       0.00     170.11       8.04      31.76      47.14       0.00       0.00       0.00       0.00       0.00       0.96
Step 82, Time: 0.500488, CPUs: 4
    315.99     269.32       0.00      36.33       0.00       8.50       0.00       0.00     172.24       8.12      32.15      47.88       0.00       0.00       0.00       0.00       0.00       0.98
Step 83, Time: 0.506592, CPUs: 4
    320.03     272.78       0.00      36.75       0.00       8.56       0.00       0.00     174.33       8.20      32.54      48.68       0.00       0.00       0.00       0.00       0.00       1.00
Step 84, Time: 0.512695, CPUs: 4
    324.11     276.50       0.00      36.99       0.00       8.68       0.00       0.00     176.40       8.34      33.20      49.42       0.00       0.00       0.00       0.00       0.00       1.02
Step 85, Time: 0.518799, CPUs: 4
    328.11     279.96       0.00      37.42       0.00       8.74       0.00       0.00     178.57       8.44      33.55      50.17       0.00       0.00       0.00       0.00       0.00       1.02
Step 86, Time: 0.524902, CPUs: 4
    332.36     283.72       0.00      37.82       0.00       8.80       0.00       0.00     180.68       8.54      34.13      51.00       0.00       0.00       0.00       0.00       0.00       1.04
Step 87, Time: 0.531006, CPUs: 4
    336.48     287.35       0.00      38.20       0.00       8.93       0.00       0.00     182.84       8.66      34.64      51.78       0.00       0.00       0.00       0.00       0.00       1.05
Step 88, Time: 0.537109, CPUs: 4
    340.71     290.99       0.00      38.69       0.00       8.99       0.00       0.00     184.98       8.79      35.11      52.58       0.00       0.00       0.00       0.00       0.00       1.05
Step 89, Time: 0.543213, CPUs: 4
    345.17     294.82       0.00      39.17       0.00       9.09       0.00       0.00     187.14       8.91      35.71      53.37       0.00       0.00       0.00       0.00       0.00       1.05
Step 90, Time: 0.549316, CPUs: 4
    349.43     298.52       0.00      39.67       0.00       9.14       0.00       0.00     189.27       9.00      36.24      54.23       0.00       0.00       0.00       0.00       0.00       1.06
Step 91, Time: 0.55542, CPUs: 4
    353.59     302.10       0.00      40.10       0.00       9.35       0.00       0.00     191.37       9.10      36.68      55.05       0.00       0.00       0.00       0.00       0.00       1.08
Step 92, Time: 0.561523, CPUs: 4
    357.79     305.69       0.00      40.60       0.00       9.43       0.00       0.00     193.42       9.20      37.17      55.89       0.00       0.00       0.00       0.00       0.00       1.09
Step 93, Time: 0.567627, CPUs: 4
    362.14     309.48       0.00      41.05       0.00       9.49       0.00       0.00     195.55       9.30      37.74      56.73       0.00       0.00       0.00       0.00       0.00       1.10
Step 94, Time: 0.57373, CPUs: 4
    366.56     313.27       0.00      41.54       0.00       9.63       0.00       0.00     197.67       9.38      38.41      57.54       0.00       0.00       0.00       0.00       0.00       1.11
Step 95, Time: 0.579834, CPUs: 4
    370.96     317.14       0.00      41.93       0.00       9.71       0.00       0.00     199.79       9.48      39.02      58.44       0.00       0.00       0.00       0.00       0.00       1.13
Step 96, Time: 0.585938, CPUs: 4
    374.90     320.50       0.00      42.38       0.00       9.78       0.00       0.00     201.85       9.56      39.50      59.03       0.00       0.00       0.00       0.00       0.00       1.15
Step 97, Time: 0.592041, CPUs: 4
    378.67     323.70       0.00      42.81       0.00       9.89       0.00       0.00     203.88       9.67      39.72      59.77       0.00       0.00       0.00       0.00       0.00       1.16
Step 98, Time: 0.598145, CPUs: 4
    382.65     327.11       0.00      43.29       0.00      10.05       0.00       0.00     205.92       9.76      40.09      60.63       0.00       0.00       0.00       0.00       0.00       1.16
Step 99, Time: 0.604248, CPUs: 4
    387.04     330.80       0.00      43.82       0.00      10.18       0.00       0.00     208.03       9.86      40.65      61.42       0.00       0.00       0.00       0.00       0.00       1.18
Step 100, Time: 0.610352, CPUs: 4
    391.20     334.24       0.00      44.41       0.00      10.24       0.00       0.00     210.13       9.97      41.05      62.12       0.00       0.00       0.00       0.00       0.00       1.19
Step 101, Time: 0.616455, CPUs: 4
    395.20     337.75       0.00      44.76       0.00      10.48       0.00       0.00     212.30      10.07      41.43      62.89       0.00       0.00       0.00       0.00       0.00       1.19
Step 102, Time: 0.622559, CPUs: 4
    399.26     341.17       0.00      45.27       0.00      10.56       0.00       0.00     214.44      10.16      41.86      63.56       0.00       0.00       0.00       0.00       0.00       1.21
Step 103, Time: 0.628662, CPUs: 4
    402.90     344.34       0.00      45.61       0.00      10.66       0.00       0.00     216.47      10.29      42.15      64.19       0.00       0.00       0.00       0.00       0.00       1.22
Step 104, Time: 0.634766, CPUs: 4
    407.21     348.12       0.00      46.00       0.00      10.75       0.00       0.00     218.53      10.37      42.83      65.04       0.00       0.00       0.00       0.00       0.00       1.24
Step 105, Time: 0.640869, CPUs: 4
    411.68     351.90       0.00      46.54       0.00      10.98       0.00       0.00     220.66      10.49      43.38      65.92       0.00       0.00       0.00       0.00       0.00       1.24
Step 106, Time: 0.646973, CPUs: 4
    416.08     355.69       0.00      47.04       0.00      11.05       0.00       0.00     222.78      10.61      43.95      66.79       0.00       0.00       0.00       0.00       0.00       1.24
Step 107, Time: 0.653076, CPUs: 4
    420.39     359.35       0.00      47.59       0.00      11.11       0.00       0.00     224.94      10.72      44.39      67.61       0.00       0.00       0.00       0.00       0.00       1.25
Step 108, Time: 0.65918, CPUs: 4
    424.34     362.70       0.00      48.09       0.00      11.22       0.00       0.00     227.07      10.81      44.75      68.32       0.00       0.00       0.00       0.00       0.00       1.27
Step 109, Time: 0.665283, CPUs: 4
    428.02     365.75       0.00      48.60       0.00      11.32       0.00       0.00     229.23      10.88      45.02      68.75       0.00       0.00       0.00       0.00       0.00       1.28
Step 110, Time: 0.671387, CPUs: 4
    431.88     369.03       0.00      49.03       0.00      11.40       0.00       0.00     231.39      10.94      45.70      68.97       0.00       0.00       0.00       0.00       0.00       1.31
Step 111, Time: 0.67749, CPUs: 4
    436.15     372.66       0.00      49.53       0.00      11.48       0.00       0.00     233.63      11.14      46.46      69.25       0.00       0.00       0.00       0.00       0.00       1.33
Step 112, Time: 0.683594, CPUs: 4
    440.19     376.02       0.00      50.06       0.00      11.64       0.00       0.00     235.73      11.23      46.86      69.89       0.00       0.00       0.00       0.00       0.00       1.36
Step 113, Time: 0.689697, CPUs: 4
    444.23     379.40       0.00      50.56       0.00      11.70       0.00       0.00     237.81      11.31      47.24      70.68       0.00       0.00       0.00       0.00       0.00       1.38
Step 114, Time: 0.695801, CPUs: 4
    448.45     382.92       0.00      51.09       0.00      11.82       0.00       0.00     239.94      11.39      47.68      71.46       0.00       0.00       0.00       0.00       0.00       1.41
Step 115, Time: 0.701904, CPUs: 4
    452.50     386.27       0.00      51.64       0.00      11.90       0.00       0.00     242.03      11.45      47.99      72.21       0.00       0.00       0.00       0.00       0.00       1.45
Step 116, Time: 0.708008, CPUs: 4
    456.25     389.42       0.00      52.06       0.00      12.00       0.00       0.00     244.06      11.54      48.21      72.95       0.00       0.00       0.00       0.00       0.00       1.49
Step 117, Time: 0.714111, CPUs: 4
    460.03     392.67       0.00      52.48       0.00      12.03       0.00       0.00     246.20      11.61      48.46      73.68       0.00       0.00       0.00       0.00       0.00       1.51
Step 118, Time: 0.720215, CPUs: 4
    464.19     396.23       0.00      52.95       0.00      12.11       0.00       0.00     248.31      11.73      48.87      74.45       0.00       0.00       0.00       0.00       0.00       1.53
Step 119, Time: 0.726318, CPUs: 4
    468.42     399.91       0.00      53.36       0.00      12.32       0.00       0.00     250.42      11.82      49.36      75.31       0.00       0.00       0.00       0.00       0.00       1.57
Step 120, Time: 0.732422, CPUs: 4
    472.26     403.15       0.00      53.82       0.00      12.39       0.00       0.00     252.47      11.91      49.66      76.03       0.00       0.00       0.00       0.00       0.00       1.61
Step 121, Time: 0.738525, CPUs: 4
    476.12     406.41       0.00      54.25       0.00      12.51       0.00       0.00     254.58      11.98      49.98      76.69       0.00       0.00       0.00       0.00       0.00       1.63
Step 122, Time: 0.744629, CPUs: 4
    480.29     409.90       0.00      54.76       0.00      12.68       0.00       0.00     256.67      12.08      50.42      77.48       0.00       0.00       0.00       0.00       0.00       1.65
Step 123, Time: 0.750732, CPUs: 4
    484.31     413.45       0.00      55.14       0.00      12.72       0.00       0.00     258.79      12.17      50.90      78.26       0.00       0.00       0.00       0.00       0.00       1.67
Step 124, Time: 0.756836, CPUs: 4
    487.94     416.61       0.00      55.46       0.00      12.79       0.00       0.00     260.84      12.25      51.24      78.85       0.00       0.00       0.00       0.00       0.00       1.71
Step 125, Time: 0.762939, CPUs: 4
    491.73     419.92       0.00      55.84       0.00      12.85       0.00       0.00     263.00      12.36      51.69      79.32       0.00       0.00       0.00       0.00       0.00       1.72
Step 126, Time: 0.769043, CPUs: 4
    495.29     422.98       0.00      56.20       0.00      13.01       0.00       0.00     265.11      12.43      52.03      79.75       0.00       0.00       0.00       0.00       0.00       1.74
Step 127, Time: 0.775146, CPUs: 4
    498.67     425.92       0.00      56.49       0.00      13.09       0.00       0.00     267.15      12.52      52.26      80.25       0.00       0.00       0.00       0.00       0.00       1.76
Step 128, Time: 0.78125, CPUs: 4
    502.35     429.07       0.00      56.90       0.00      13.12       0.00       0.00     269.22      12.61      52.65      80.75       0.00       0.00       0.00       0.00       0.00       1.80
Step 129, Time: 0.787354, CPUs: 4
    506.07     432.26       0.00      57.33       0.00      13.26       0.00       0.00     271.30      12.72      53.03      81.25       0.00       0.00       0.00       0.00       0.00       1.82
Step 130, Time: 0.793457, CPUs: 4
    509.26     435.10       0.00      57.63       0.00      13.28       0.00       0.00     273.37      12.82      53.22      81.63       0.00       0.00       0.00       0.00       0.00       1.84
Step 131, Time: 0.799561, CPUs: 4
    512.87     438.32       0.00      57.91       0.00      13.33       0.00       0.00     275.48      12.90      53.61      82.14       0.00       0.00       0.00       0.00       0.00       1.84
Step 132, Time: 0.805664, CPUs: 4
    516.79     441.57       0.00      58.46       0.00      13.39       0.00       0.00     277.58      12.98      53.95      82.75       0.00       0.00       0.00       0.00       0.00       1.86
Step 133, Time: 0.811768, CPUs: 4
    520.66     444.90       0.00      58.86       0.00      13.51       0.00       0.00     279.62      13.08      54.33      83.47       0.00       0.00       0.00       0.00       0.00       1.88
Step 134, Time: 0.817871, CPUs: 4
    524.23     448.01       0.00      59.22       0.00      13.55       0.00       0.00     281.61      13.20      54.46      84.27       0.00       0.00       0.00       0.00       0.00       1.90
Step 135, Time: 0.823975, CPUs: 4
    527.62     451.02       0.00      59.47       0.00      13.64       0.00       0.00     283.57      13.31      54.72      84.85       0.00       0.00       0.00       0.00       0.00       1.92
Step 136, Time: 0.830078, CPUs: 4
    531.15     454.00       0.00      59.88       0.00      13.83       0.00       0.00     285.64      13.43      54.90      85.35       0.00       0.00       0.00       0.00       0.00       1.94
Step 137, Time: 0.836182, CPUs: 4
    534.71     457.03       0.00      60.27       0.00      13.92       0.00       0.00     287.73      13.50      55.26      85.72       0.00       0.00       0.00       0.00       0.00       1.97
Step 138, Time: 0.842285, CPUs: 4
    538.44     460.15       0.00      60.75       0.00      13.98       0.00       0.00     289.78      13.59      55.67      86.18       0.00       0.00       0.00       0.00       0.00       1.99
Step 139, Time: 0.848389, CPUs: 4
    542.27     463.46       0.00      61.18       0.00      14.02       0.00       0.00     291.77      13.67      56.18      86.83       0.00       0.00       0.00       0.00       0.00       2.01
Step 140, Time: 0.854492, CPUs: 4
    546.05     466.62       0.00      61.66       0.00      14.21       0.00       0.00     293.83      13.78      56.65      87.25       0.00       0.00       0.00       0.00       0.00       2.03
Step 141, Time: 0.860596, CPUs: 4
    549.73     469.72       0.00      62.12       0.00      14.27       0.00       0.00     295.91      13.87      57.18      87.52       0.00       0.00       0.00       0.00       0.00       2.06
Step 142, Time: 0.866699, CPUs: 4
    553.72     473.03       0.00      62.65       0.00      14.35       0.00       0.00     298.01      13.98      57.72      87.95       0.00       0.00       0.00       0.00       0.00       2.08
Step 143, Time: 0.872803, CPUs: 4
    557.32     476.03       0.00      63.09       0.00      14.53       0.00       0.00     300.06      14.07      58.09      88.37       0.00       0.00       0.00       0.00       0.00       2.10
Step 144, Time: 0.878906, CPUs: 4
    560.89     478.99       0.00      63.58       0.00      14.59       0.00       0.00     302.11      14.14      58.35      88.84       0.00       0.00       0.00       0.00       0.00       2.12
Step 145, Time: 0.88501, CPUs: 4
    564.46     481.98       0.00      64.03       0.00      14.65       0.00       0.00     304.22      14.22      58.66      89.26       0.00       0.00       0.00       0.00       0.00       2.14
Step 146, Time: 0.891113, CPUs: 4
    568.49     485.31       0.00      64.56       0.00      14.81       0.00       0.00     306.29      14.32      59.34      89.63       0.00       0.00       0.00       0.00       0.00       2.16
Step 147, Time: 0.897217, CPUs: 4
    572.30     488.48       0.00      65.06       0.00      14.89       0.00       0.00     308.23      14.43      59.83      90.16       0.00       0.00       0.00       0.00       0.00       2.19
Step 148, Time: 0.90332, CPUs: 4
    575.89     491.46       0.00      65.54       0.00      14.96       0.00       0.00     310.27      14.51      60.24      90.53       0.00       0.00       0.00       0.00       0.00       2.21
Step 149, Time: 0.909424, CPUs: 4
    579.64     494.61       0.00      66.00       0.00      15.03       0.00       0.00     312.27      14.63      60.70      91.00       0.00       0.00       0.00       0.00       0.00       2.22
Step 150, Time: 0.915527, CPUs: 4
    583.38     497.71       0.00      66.47       0.00      15.21       0.00       0.00     314.37      14.71      61.06      91.43       0.00       0.00       0.00       0.00       0.00       2.24
Step 151, Time: 0.921631, CPUs: 4
    586.94     500.65       0.00      66.92       0.00      15.32       0.00       0.00     316.38      14.80      61.38      91.86       0.00       0.00       0.00       0.00       0.00       2.26
Step 152, Time: 0.927734, CPUs: 4
    590.52     503.60       0.00      67.42       0.00      15.42       0.00       0.00     318.35      14.90      61.72      92.31       0.00       0.00       0.00       0.00       0.00       2.28
Step 153, Time: 0.933838, CPUs: 4
    593.92     506.43       0.00      67.85       0.00      15.55       0.00       0.00     320.40      14.99      61.98      92.65       0.00       0.00       0.00       0.00       0.00       2.31
Step 154, Time: 0.939941, CPUs: 4
    597.48     509.48       0.00      68.22       0.00      15.63       0.00       0.00     322.53      15.09      62.31      93.04       0.00       0.00       0.00       0.00       0.00       2.34
Step 155, Time: 0.946045, CPUs: 4
    601.13     512.57       0.00      68.64       0.00      15.71       0.00       0.00     324.54      15.15      62.82      93.48       0.00       0.00       0.00       0.00       0.00       2.36
Step 156, Time: 0.952148, CPUs: 4
    604.66     515.54       0.00      69.12       0.00      15.74       0.00       0.00     326.64      15.21      63.15      93.88       0.00       0.00       0.00       0.00       0.00       2.37
Step 157, Time: 0.958252, CPUs: 4
    608.30     518.63       0.00      69.55       0.00      15.94       0.00       0.00     328.70      15.32      63.56      94.28       0.00       0.00       0.00       0.00       0.00       2.39
Step 158, Time: 0.964355, CPUs: 4
    612.27     521.88       0.00      70.09       0.00      16.06       0.00       0.00     330.73      15.40      63.97      94.88       0.00       0.00       0.00       0.00       0.00       2.41
Step 159, Time: 0.970459, CPUs: 4
    616.04     525.05       0.00      70.58       0.00      16.14       0.00       0.00     332.87      15.50      64.38      95.30       0.00       0.00       0.00       0.00       0.00       2.43
Step 160, Time: 0.976562, CPUs: 4
    619.75     528.24       0.00      70.95       0.00      16.29       0.00       0.00     335.03      15.58      64.84      95.71       0.00       0.00       0.00       0.00       0.00       2.45
Step 161, Time: 0.982666, CPUs: 4
    623.41     531.44       0.00      71.27       0.00      16.38       0.00       0.00     337.21      15.72      65.22      96.13       0.00       0.00       0.00       0.00       0.00       2.47
Step 162, Time: 0.98877, CPUs: 4
    627.18     534.60       0.00      71.75       0.00      16.46       0.00       0.00     339.37      15.81      65.58      96.54       0.00       0.00       0.00       0.00       0.00       2.49
Step 163, Time: 0.994873, CPUs: 4
    630.90     537.72       0.00      72.23       0.00      16.51       0.00       0.00     341.42      15.92      66.01      97.01       0.00       0.00       0.00       0.00       0.00       2.52
Step 164, Time: 1.00098, CPUs: 4
    634.62     540.80       0.00      72.74       0.00      16.64       0.00       0.00     343.48      16.02      66.31      97.49       0.00       0.00       0.00       0.00       0.00       2.54
Step 165, Time: 1.00708, CPUs: 4
    638.06     543.68       0.00      73.18       0.00      16.68       0.00       0.00     345.60      16.10      66.63      97.77       0.00       0.00       0.00       0.00       0.00       2.56
Step 166, Time: 1.01318, CPUs: 4
    641.51     546.57       0.00      73.62       0.00      16.72       0.00       0.00     347.72      16.18      66.96      98.04       0.00       0.00       0.00       0.00       0.00       2.58
Step 167, Time: 1.01929, CPUs: 4
    645.23     549.75       0.00      74.07       0.00      16.85       0.00       0.00     349.87      16.28      67.36      98.51       0.00       0.00       0.00       0.00       0.00       2.59
Step 168, Time: 1.02539, CPUs: 4
    648.97     552.98       0.00      74.47       0.00      16.90       0.00       0.00     352.03      16.39      67.77      98.91       0.00       0.00       0.00       0.00       0.00       2.61
Step 169, Time: 1.03149, CPUs: 4
    652.64     556.01       0.00      74.97       0.00      16.96       0.00       0.00     354.24      16.47      68.07      99.26       0.00       0.00       0.00       0.00       0.00       2.63
Step 170, Time: 1.0376, CPUs: 4
    656.45     559.17       0.00      75.48       0.00      17.04       0.00       0.00     356.50      16.53      68.58      99.46       0.00       0.00       0.00       0.00       0.00       2.66
Step 171, Time: 1.0437, CPUs: 4
    660.18     562.29       0.00      75.94       0.00      17.20       0.00       0.00     358.70      16.60      68.95      99.81       0.00       0.00       0.00       0.00       0.00       2.68
Step 172, Time: 1.0498, CPUs: 4
    663.97     565.48       0.00      76.43       0.00      17.27       0.00       0.00     360.89      16.70      69.34     100.21       0.00       0.00       0.00       0.00       0.00       2.70
Step 173, Time: 1.05591, CPUs: 4
    667.71     568.68       0.00      76.82       0.00      17.36       0.00       0.00     363.04      16.82      69.58     100.82       0.00       0.00       0.00       0.00       0.00       2.74
Step 174, Time: 1.06201, CPUs: 4
    671.52     571.91       0.00      77.28       0.00      17.46       0.00       0.00     365.17      16.89      69.87     101.49       0.00       0.00       0.00       0.00       0.00       2.76
Step 175, Time: 1.06812, CPUs: 4
    675.10     574.99       0.00      77.68       0.00      17.50       0.00       0.00     367.32      17.01      70.10     101.94       0.00       0.00       0.00       0.00       0.00       2.76
Step 176, Time: 1.07422, CPUs: 4
    679.07     578.41       0.00      78.14       0.00      17.55       0.00       0.00     369.54      17.12      70.59     102.46       0.00       0.00       0.00       0.00       0.00       2.78
Step 177, Time: 1.08032, CPUs: 4
    682.92     581.70       0.00      78.55       0.00      17.65       0.00       0.00     371.68      17.21      70.88     103.15       0.00       0.00       0.00       0.00       0.00       2.81
Step 178, Time: 1.08643, CPUs: 4
    686.79     585.04       0.00      78.95       0.00      17.79       0.00       0.00     373.83      17.30      71.17     103.81       0.00       0.00       0.00       0.00       0.00       2.82
Step 179, Time: 1.09253, CPUs: 4
    691.00     588.69       0.00      79.35       0.00      17.90       0.00       0.00     376.08      17.42      71.54     104.56       0.00       0.00       0.00       0.00       0.00       2.84
Step 180, Time: 1.09863, CPUs: 4
    695.24     592.27       0.00      79.86       0.00      18.02       0.00       0.00     378.31      17.51      71.89     105.37       0.00       0.00       0.00       0.00       0.00       2.86
Step 181, Time: 1.10474, CPUs: 4
    699.60     596.08       0.00      80.28       0.00      18.20       0.00       0.00     380.51      17.63      72.40     106.21       0.00       0.00       0.00       0.00       0.00       2.88
Step 182, Time: 1.11084, CPUs: 4
    703.73     599.59       0.00      80.77       0.00      18.26       0.00       0.00     382.73      17.71      72.76     106.97       0.00       0.00       0.00       0.00       0.00       2.90
Step 183, Time: 1.11694, CPUs: 4
    707.57     602.81       0.00      81.30       0.00      18.32       0.00       0.00     384.84      17.81      73.07     107.61       0.00       0.00       0.00       0.00       0.00       2.92
Step 184, Time: 1.12305, CPUs: 4
    711.34     606.02       0.00      81.71       0.00      18.38       0.00       0.00     386.99      17.91      73.27     108.31       0.00       0.00       0.00       0.00       0.00       2.95
Step 185, Time: 1.12915, CPUs: 4
    715.27     609.40       0.00      82.14       0.00      18.49       0.00       0.00     389.23      17.99      73.59     108.96       0.00       0.00       0.00       0.00       0.00       2.97
Step 186, Time: 1.13525, CPUs: 4
    719.16     612.74       0.00      82.49       0.00      18.59       0.00       0.00     391.46      18.07      73.95     109.54       0.00       0.00       0.00       0.00       0.00       3.01
Step 187, Time: 1.14136, CPUs: 4
    723.07     616.01       0.00      83.01       0.00      18.64       0.00       0.00     393.69      18.16      74.22     110.11       0.00       0.00       0.00       0.00       0.00       3.03
Step 188, Time: 1.14746, CPUs: 4
    727.01     619.38       0.00      83.46       0.00      18.76       0.00       0.00     395.90      18.26      74.57     110.73       0.00       0.00       0.00       0.00       0.00       3.07
Step 189, Time: 1.15356, CPUs: 4
    730.59     622.53       0.00      83.81       0.00      18.77       0.00       0.00     398.10      18.32      74.77     111.35       0.00       0.00       0.00       0.00       0.00       3.09
Step 190, Time: 1.15967, CPUs: 4
    734.42     625.82       0.00      84.20       0.00      18.87       0.00       0.00     400.28      18.42      75.09     111.93       0.00       0.00       0.00       0.00       0.00       3.11
Step 191, Time: 1.16577, CPUs: 4
    738.28     629.16       0.00      84.60       0.00      18.95       0.00       0.00     402.46      18.53      75.41     112.57       0.00       0.00       0.00       0.00       0.00       3.12
Step 192, Time: 1.17188, CPUs: 4
    742.31     632.60       0.00      85.02       0.00      19.13       0.00       0.00     404.70      18.63      75.85     113.17       0.00       0.00       0.00       0.00       0.00       3.15
Step 193, Time: 1.17798, CPUs: 4
    746.29     635.96       0.00      85.51       0.00      19.22       0.00       0.00     406.91      18.71      76.20     113.79       0.00       0.00       0.00       0.00       0.00       3.17
Step 194, Time: 1.18408, CPUs: 4
    750.11     639.21       0.00      85.95       0.00      19.30       0.00       0.00     409.14      18.81      76.46     114.34       0.00       0.00       0.00       0.00       0.00       3.19
Step 195, Time: 1.19019, CPUs: 4
    753.95     642.46       0.00      86.43       0.00      19.43       0.00       0.00     411.38      18.89      76.70     114.94       0.00       0.00       0.00       0.00       0.00       3.21
Step 196, Time: 1.19629, CPUs: 4
    757.99     645.93       0.00      86.86       0.00      19.52       0.00       0.00     413.61      19.01      77.04     115.60       0.00       0.00       0.00       0.00       0.00       3.23
Step 197, Time: 1.20239, CPUs: 4
    761.87     649.22       0.00      87.29       0.00      19.63       0.00       0.00     415.79      19.11      77.35     116.23       0.00       0.00       0.00       0.00       0.00       3.25
Step 198, Time: 1.2085, CPUs: 4
    765.87     652.54       0.00      87.79       0.00      19.70       0.00       0.00     417.93      19.21      77.68     116.89       0.00       0.00       0.00       0.00       0.00       3.29
Step 199, Time: 1.2146, CPUs: 4
    769.72     655.80       0.00      88.23       0.00      19.95       0.00       0.00     420.01      19.29      77.98     117.61       0.00       0.00       0.00       0.00       0.00       3.31
Step 200, Time: 1.2207, CPUs: 4
    773.77     659.25       0.00      88.70       0.00      20.00       0.00       0.00     422.23      19.36      78.37     118.21       0.00       0.00       0.00       0.00       0.00       3.34
Step 201, Time: 1.22681, CPUs: 4
    777.81     662.62       0.00      89.22       0.00      20.10       0.00       0.00     424.41      19.44      78.75     118.80       0.00       0.00       0.00       0.00       0.00       3.36
Step 202, Time: 1.23291, CPUs: 4
    781.82     666.02       0.00      89.71       0.00      20.24       0.00       0.00     426.56      19.52      79.13     119.49       0.00       0.00       0.00       0.00       0.00       3.38
Step 203, Time: 1.23901, CPUs: 4
    785.68     669.38       0.00      90.10       0.00      20.32       0.00       0.00     428.85      19.61      79.47     120.04       0.00       0.00       0.00       0.00       0.00       3.39
Step 204, Time: 1.24512, CPUs: 4
    789.58     672.75       0.00      90.53       0.00      20.38       0.00       0.00     431.12      19.69      79.80     120.60       0.00       0.00       0.00       0.00       0.00       3.41
Step 205, Time: 1.25122, CPUs: 4
    793.72     676.26       0.00      91.06       0.00      20.43       0.00       0.00     433.31      19.78      80.21     121.32       0.00       0.00       0.00       0.00       0.00       3.44
Step 206, Time: 1.25732, CPUs: 4
    797.66     679.63       0.00      91.53       0.00      20.55       0.00       0.00     435.49      19.86      80.60     121.93       0.00       0.00       0.00       0.00       0.00       3.45
Step 207, Time: 1.26343, CPUs: 4
    801.69     683.11       0.00      91.92       0.00      20.63       0.00       0.00     437.77      19.93      81.00     122.55       0.00       0.00       0.00       0.00       0.00       3.48
Step 208, Time: 1.26953, CPUs: 4
    805.81     686.66       0.00      92.38       0.00      20.69       0.00       0.00     440.09      20.03      81.49     123.10       0.00       0.00       0.00       0.00       0.00       3.50
Step 209, Time: 1.27563, CPUs: 4
    809.90     690.23       0.00      92.80       0.00      20.83       0.00       0.00     442.38      20.11      81.94     123.74       0.00       0.00       0.00       0.00       0.00       3.52
Step 210, Time: 1.28174, CPUs: 4
    813.99     693.76       0.00      93.22       0.00      20.93       0.00       0.00     444.72      20.20      82.40     124.28       0.00       0.00       0.00       0.00       0.00       3.54
Step 211, Time: 1.28784, CPUs: 4
    817.94     697.11       0.00      93.71       0.00      20.99       0.00       0.00     446.88      20.29      82.79     124.84       0.00       0.00       0.00       0.00       0.00       3.56
Step 212, Time: 1.29395, CPUs: 4
    821.75     700.37       0.00      94.12       0.00      21.11       0.00       0.00     449.17      20.36      83.05     125.40       0.00       0.00       0.00       0.00       0.00       3.60
Step 213, Time: 1.30005, CPUs: 4
    825.64     703.66       0.00      94.60       0.00      21.17       0.00       0.00     451.47      20.44      83.36     125.92       0.00       0.00       0.00       0.00       0.00       3.62
Step 214, Time: 1.30615, CPUs: 4
    829.38     706.84       0.00      95.03       0.00      21.22       0.00       0.00     453.76      20.53      83.59     126.39       0.00       0.00       0.00       0.00       0.00       3.64
Step 215, Time: 1.31226, CPUs: 4
    833.02     709.97       0.00      95.42       0.00      21.27       0.00       0.00     456.03      20.60      83.80     126.88       0.00       0.00       0.00       0.00       0.00       3.66
Step 216, Time: 1.31836, CPUs: 4
    837.04     713.39       0.00      95.88       0.00      21.42       0.00       0.00     458.26      20.68      84.28     127.38       0.00       0.00       0.00       0.00       0.00       3.70
Step 217, Time: 1.32446, CPUs: 4
    840.98     716.77       0.00      96.31       0.00      21.51       0.00       0.00     460.54      20.77      84.75     127.80       0.00       0.00       0.00       0.00       0.00       3.71
Step 218, Time: 1.33057, CPUs: 4
    843.86     719.02       0.00      96.81       0.00      21.57       0.00       0.00     462.05      20.86      85.04     128.09       0.00       0.00       0.00       0.00       0.00       3.73
Step 219, Time: 1.33667, CPUs: 4
    846.35     721.19       0.00      97.07       0.00      21.66       0.00       0.00     463.58      20.91      85.24     128.40       0.00       0.00       0.00       0.00       0.00       3.74
Step 220, Time: 1.34277, CPUs: 4
    848.98     723.40       0.00      97.35       0.00      21.76       0.00       0.00     465.13      21.00      85.47     128.67       0.00       0.00       0.00       0.00       0.00       3.75
Step 221, Time: 1.34888, CPUs: 4
    851.73     725.66       0.00      97.78       0.00      21.80       0.00       0.00     466.76      21.07      85.71     128.91       0.00       0.00       0.00       0.00       0.00       3.76
Step 222, Time: 1.35498, CPUs: 4
    854.49     727.85       0.00      98.25       0.00      21.85       0.00       0.00     468.35      21.13      85.93     129.18       0.00       0.00       0.00       0.00       0.00       3.78
Step 223, Time: 1.36108, CPUs: 4
    857.40     730.29       0.00      98.66       0.00      21.93       0.00       0.00     469.91      21.19      86.30     129.55       0.00       0.00       0.00       0.00       0.00       3.78
Step 224, Time: 1.36719, CPUs: 4
    860.30     732.69       0.00      99.04       0.00      21.99       0.00       0.00     471.46      21.25      86.51     129.98       0.00       0.00       0.00       0.00       0.00       3.79
Step 225, Time: 1.37329, CPUs: 4
    862.88     734.79       0.00      99.43       0.00      22.05       0.00       0.00     472.98      21.32      86.76     130.19       0.00       0.00       0.00       0.00       0.00       3.80
Step 226, Time: 1.37939, CPUs: 4
    865.61     737.08       0.00      99.77       0.00      22.19       0.00       0.00     474.52      21.41      87.07     130.47       0.00       0.00       0.00       0.00       0.00       3.80
Step 227, Time: 1.3855, CPUs: 4
    868.05     739.08       0.00     100.17       0.00      22.20       0.00       0.00     475.97      21.47      87.22     130.69       0.00       0.00       0.00       0.00       0.00       3.82
Step 228, Time: 1.3916, CPUs: 4
    870.71     741.38       0.00     100.44       0.00      22.24       0.00       0.00     477.51      21.55      87.42     131.08       0.00       0.00       0.00       0.00       0.00       3.83
Step 229, Time: 1.39771, CPUs: 4
    873.64     743.73       0.00     100.91       0.00      22.28       0.00       0.00     479.01      21.62      87.64     131.57       0.00       0.00       0.00       0.00       0.00       3.84
Step 230, Time: 1.40381, CPUs: 4
    876.48     746.12       0.00     101.24       0.00      22.41       0.00       0.00     480.49      21.67      87.83     132.14       0.00       0.00       0.00       0.00       0.00       3.86
Step 231, Time: 1.40991, CPUs: 4
    879.35     748.52       0.00     101.60       0.00      22.45       0.00       0.00     481.95      21.74      88.07     132.63       0.00       0.00       0.00       0.00       0.00       3.86
Step 232, Time: 1.41602, CPUs: 4
    881.96     750.69       0.00     101.95       0.00      22.51       0.00       0.00     483.38      21.82      88.20     133.10       0.00       0.00       0.00       0.00       0.00       3.87
Step 233, Time: 1.42212, CPUs: 4
    884.57     752.83       0.00     102.31       0.00      22.63       0.00       0.00     484.79      21.89      88.39     133.45       0.00       0.00       0.00       0.00       0.00       3.89
Step 234, Time: 1.42822, CPUs: 4
    887.46     755.29       0.00     102.66       0.00      22.69       0.00       0.00     486.27      21.94      88.86     133.80       0.00       0.00       0.00       0.00       0.00       3.90
Step 235, Time: 1.43433, CPUs: 4
    890.09     757.36       0.00     103.10       0.00      22.78       0.00       0.00     487.66      22.00      89.09     134.15       0.00       0.00       0.00       0.00       0.00       3.92
Step 236, Time: 1.44043, CPUs: 4
    892.86     759.64       0.00     103.49       0.00      22.82       0.00       0.00     489.06      22.08      89.28     134.71       0.00       0.00       0.00       0.00       0.00       3.94
Step 237, Time: 1.44653, CPUs: 4
    896.04     762.36       0.00     103.87       0.00      22.95       0.00       0.00     490.44      22.20      89.71     135.40       0.00       0.00       0.00       0.00       0.00       3.96
Step 238, Time: 1.45264, CPUs: 4
    898.79     764.64       0.00     104.25       0.00      23.00       0.00       0.00     491.93      22.26      89.94     135.83       0.00       0.00       0.00       0.00       0.00       3.98
Step 239, Time: 1.45874, CPUs: 4
    901.72     767.08       0.00     104.66       0.00      23.04       0.00       0.00     493.41      22.31      90.11     136.42       0.00       0.00       0.00       0.00       0.00       3.98
