0 0 0 58834 0 0 0 0 0 58834 0 0 0 0 0 0 0 0 0 0 0 0 0 2455.82 0 0 0 0
0.10376 0 0 58913.3 0 0 0 0 0 58913.3 0 0 0 0 0 0 0 0 0 0 0 0 0 2455.82 0 0 0 0
0.201416 0 0 59633.3 0 0 0 0 0 59633.3 0 0 0 0 0 0 0 0 0 0 0 0 0 2455.82 0 0 0 0
0.305176 0 0 61341.2 0 0 0 0 0 61341.2 0 0 0 0 0 0 0 0 0 0 0 0 0 2455.82 0 0 0 0
0.402832 0 0 63050 0 0 0 0 0 63050 0 0 0 0 0 0 0 0 0 0 0 0 0 2455.82 0 0 0 0
0.500488 0 0 65477.9 0 0 0 0 0 65477.9 0 0 0 0 0 0 0 0 0 0 0 0 0 2455.82 0 0 0 0
0.604248 0 0 68759.1 0 0 0 0 0 68759.1 0 0 0 0 0 0 0 0 0 0 0 0 0 2455.82 0 0 0 0
0.701904 0 0 73873.6 0 0 0 0 0 73873.6 0 0 0 0 0 0 0 0 0 0 0 0 0 2455.82 0 0 0 0
0.805664 0 0 78280.4 0 0 0 0 0 78280.4 0 0 0 0 0 0 0 0 0 0 0 0 0 2455.82 0 0 0 0
0.90332 0 0 82775.5 0 0 0 0 0 82775.5 0 0 0 0 0 0 0 0 0 0 0 0 0 2455.82 0 0 0 0
1.00098 0 0 88095.8 0 0 0 0 0 88095.8 0 0 0 0 0 0 0 0 0 0 0 0 0 2455.82 0 0 0 0
1.10474 0 0 95189 0 0 0 0 0 95189 0 0 0 0 0 0 0 0 0 0 0 0 0 2455.82 0 0 0 0
1.20239 0 0 103928 0 0 0 0 0 103928 0 0 0 0 0 0 0 0 0 0 0 0 0 2455.82 0 0 0 0
1.30005 0 0 115854 0 0 0 0 0 115854 0 0 0 0 0 0 0 0 0 0 0 0 0 2455.82 0 0 0 0
1.40381 0 0 134603 0 0 0 0 0 134603 0 0 0 0 0 0 0 0 0 0 0 0 0 2455.82 0 0 0 0
